Profile	Rawfilename	yyyy-mm-dd hh:mm	Depth [m]	Sampled volume [L]	LPM (1-1.26 µm) [# l-1]	LPM (1.26-1.59 µm) [# l-1]	LPM (1.59-2 µm) [# l-1]	LPM (2-2.52 µm) [# l-1]	LPM (2.52-3.17 µm) [# l-1]	LPM (3.17-4 µm) [# l-1]	LPM (4-5.04 µm) [# l-1]	LPM (5.04-6.35 µm) [# l-1]	LPM (6.35-8 µm) [# l-1]	LPM (8-10.1 µm) [# l-1]	LPM (10.1-12.7 µm) [# l-1]	LPM (12.7-16 µm) [# l-1]	LPM (16-20.2 µm) [# l-1]	LPM (20.2-25.4 µm) [# l-1]	LPM (25.4-32 µm) [# l-1]	LPM (32-40.3 µm) [# l-1]	LPM (40.3-50.8 µm) [# l-1]	LPM (50.8-64 µm) [# l-1]	LPM (64-80.6 µm) [# l-1]	LPM (80.6-102 µm) [# l-1]	LPM (102-128 µm) [# l-1]	LPM (128-161 µm) [# l-1]	LPM (161-203 µm) [# l-1]	LPM (203-256 µm) [# l-1]	LPM (256-323 µm) [# l-1]	LPM (323-406 µm) [# l-1]	LPM (406-512 µm) [# l-1]	LPM (512-645 µm) [# l-1]	LPM (645-813 µm) [# l-1]	LPM (0.813-1.02 mm) [# l-1]	LPM (1.02-1.29 mm) [# l-1]	LPM (1.29-1.63 mm) [# l-1]	LPM (1.63-2.05 mm) [# l-1]	LPM (2.05-2.58 mm) [# l-1]	LPM (2.58-3.25 mm) [# l-1]	LPM (3.25-4.1 mm) [# l-1]	LPM (4.1-5.16 mm) [# l-1]	LPM (5.16-6.5 mm) [# l-1]	LPM (6.5-8.19 mm) [# l-1]	LPM (8.19-10.3 mm) [# l-1]	LPM (10.3-13 mm) [# l-1]	LPM (13-16.4 mm) [# l-1]	LPM (16.4-20.6 mm) [# l-1]	LPM (20.6-26 mm) [# l-1]	LPM (>26 mm) [# l-1]	LPM biovolume (1-1.26 µm) [mm3 l-1]	LPM biovolume (1.26-1.59 µm) [mm3 l-1]	LPM biovolume (1.59-2 µm) [mm3 l-1]	LPM biovolume (2-2.52 µm) [mm3 l-1]	LPM biovolume (2.52-3.17 µm) [mm3 l-1]	LPM biovolume (3.17-4 µm) [mm3 l-1]	LPM biovolume (4-5.04 µm) [mm3 l-1]	LPM biovolume (5.04-6.35 µm) [mm3 l-1]	LPM biovolume (6.35-8 µm) [mm3 l-1]	LPM biovolume (8-10.1 µm) [mm3 l-1]	LPM biovolume (10.1-12.7 µm) [mm3 l-1]	LPM biovolume (12.7-16 µm) [mm3 l-1]	LPM biovolume (16-20.2 µm) [mm3 l-1]	LPM biovolume (20.2-25.4 µm) [mm3 l-1]	LPM biovolume (25.4-32 µm) [mm3 l-1]	LPM biovolume (32-40.3 µm) [mm3 l-1]	LPM biovolume (40.3-50.8 µm) [mm3 l-1]	LPM biovolume (50.8-64 µm) [mm3 l-1]	LPM biovolume (64-80.6 µm) [mm3 l-1]	LPM biovolume (80.6-102 µm) [mm3 l-1]	LPM biovolume (102-128 µm) [mm3 l-1]	LPM biovolume (128-161 µm) [mm3 l-1]	LPM biovolume (161-203 µm) [mm3 l-1]	LPM biovolume (203-256 µm) [mm3 l-1]	LPM biovolume (256-323 µm) [mm3 l-1]	LPM biovolume (323-406 µm) [mm3 l-1]	LPM biovolume (406-512 µm) [mm3 l-1]	LPM biovolume (512-645 µm) [mm3 l-1]	LPM biovolume (645-813 µm) [mm3 l-1]	LPM biovolume (0.813-1.02 mm) [mm3 l-1]	LPM biovolume (1.02-1.29 mm) [mm3 l-1]	LPM biovolume (1.29-1.63 mm) [mm3 l-1]	LPM biovolume (1.63-2.05 mm) [mm3 l-1]	LPM biovolume (2.05-2.58 mm) [mm3 l-1]	LPM biovolume (2.58-3.25 mm) [mm3 l-1]	LPM biovolume (3.25-4.1 mm) [mm3 l-1]	LPM biovolume (4.1-5.16 mm) [mm3 l-1]	LPM biovolume (5.16-6.5 mm) [mm3 l-1]	LPM biovolume (6.5-8.19 mm) [mm3 l-1]	LPM biovolume (8.19-10.3 mm) [mm3 l-1]	LPM biovolume (10.3-13 mm) [mm3 l-1]	LPM biovolume (13-16.4 mm) [mm3 l-1]	LPM biovolume (16.4-20.6 mm) [mm3 l-1]	LPM biovolume (20.6-26 mm) [mm3 l-1]	LPM biovolume (>26 mm) [mm3 l-1]	chloro fluo [mg chl m-3]	conductivity [ms cm-1]	cpar [%]	depth [m]	fcdom [ppb qse]	in situ density anomaly [kg m-3]	nitrate [umol l-1]	oxygen [umol kg-1]	oxygen [ml l-1]	par [umol m-2 s-1]	potential density anomaly [kg m-3]	potential temperature [degc]	practical salinity [psu]	pressure [db]	qc flag	spar [umol m-2 s-1]	temperature [degc]	extrames01	extrames02	extrames03	extrames04	extrames05	extrames06	extrames07	extrames08	extrames09	extrames10	extrames11	extrames12	extrames13	extrames14	extrames15	extrames16	extrames17	extrames18	extrames19	extrames20
gf388c3	HDR20211211005752	2021-12-11 00:57:52	2.5	46.2	0.0	0.0	0.0	0.0	0.0	0.0	0.0	0.0	0.0	0.0	0.0	0.0	0.0	0.0	0.0	0.0	0.0	0.0	127.27272727272727	0.0	17.445887445887443	13.333333333333332	6.948051948051948	6.19047619047619	6.6017316017316015	4.22077922077922	2.4458874458874456	1.6233766233766234	0.8658008658008658	0.3896103896103896	0.17316017316017315	0.06493506493506493	0.08658008658008658	0.0	0.06493506493506493	0.0	0.0	0.0	0.0	0.0	0.0	0.0	0.0	0.0	0.0	0.0	0.0	0.0	0.0	0.0	0.0	0.0	0.0	0.0	0.0	0.0	0.0	0.0	0.0	0.0	0.0	0.0	0.0	0.026996150098423127	0.0	0.011469394813307965	0.021318615582737895	0.023171339077492498	0.03864326278981256	0.08284487081179084	0.10778818977982776	0.12191149211459497	0.16464801346222657	0.17036810022810966	0.16131205925381406	0.1219536438836103	0.11214369562447034	0.3321646846766942	0.0	0.772454928719094	0.0	0.0	0.0	0.0	0.0	0.0	0.0	0.0	0.0	0.0																																					
gf388c3	HDR20211211005752	2021-12-11 00:57:52	7.5	226.6	0.0	0.0	0.0	0.0	0.0	0.0	0.0	0.0	0.0	0.0	0.0	0.0	0.0	0.0	0.0	0.0	0.0	0.0	140.6090026478376	0.0	24.0864960282436	22.1315092674316	11.584289496910856	11.44748455428067	11.884377758164167	5.944395410414828	3.7819947043248017	1.5048543689320388	0.794351279788173	0.4368932038834952	0.264783759929391	0.09267431597528684	0.03089143865842895	0.01323918799646955	0.0	0.0	0.0	0.0	0.0	0.0	0.0	0.0	0.0	0.0	0.0	0.0	0.0	0.0	0.0	0.0	0.0	0.0	0.0	0.0	0.0	0.0	0.0	0.0	0.0	0.0	0.0	0.0	0.0	0.029824942248126138	0.0	0.015835109189714668	0.035726268419339666	0.039325671403100046	0.07108871935375094	0.14793946406697145	0.14780953584689493	0.1840638967341887	0.14889304870045292	0.15456843505182727	0.1681854081819565	0.21283469348921152	0.13552023101523114	0.09667370485622642	0.07473108373033475	0.0	0.0	0.0	0.0	0.0	0.0	0.0	0.0	0.0	0.0	0.0																																					
gf388c3	HDR20211211005752	2021-12-11 00:57:52	12.5	216.7	0.0	0.0	0.0	0.0	0.0	0.0	0.0	0.0	0.0	0.0	0.0	0.0	0.0	0.0	0.0	0.0	0.0	0.0	102.48269497000462	0.0	12.1227503461006	8.366405168435625	3.327180433779419	2.505768343331795	2.053530226119059	0.7706506691278265	0.6091370558375635	0.17997231195200739	0.0692201199815413	0.0692201199815413	0.02768804799261652	0.01384402399630826	0.01384402399630826	0.0	0.0	0.0	0.0	0.0	0.0	0.0	0.0	0.0	0.0	0.0	0.0	0.0	0.0	0.0	0.0	0.0	0.0	0.0	0.0	0.0	0.0	0.0	0.0	0.0	0.0	0.0	0.0	0.0	0.0	0.021737871696366238	0.0	0.007969821562466282	0.013355473774971365	0.011141652953262296	0.015329422739831526	0.025269874043395014	0.019023470110285438	0.02946281670146214	0.01914740289846298	0.014362990681310308	0.024968707361344225	0.02171902047577267	0.02190077105914148	0.043252227949807515	0.0	0.0	0.0	0.0	0.0	0.0	0.0	0.0	0.0	0.0	0.0	0.0																																					
gf388c3	HDR20211211005752	2021-12-11 00:57:52	17.5	156.2	0.0	0.0	0.0	0.0	0.0	0.0	0.0	0.0	0.0	0.0	0.0	0.0	0.0	0.0	0.0	0.0	0.0	0.0	94.19974391805378	0.0	10.588988476312421	6.965428937259924	2.298335467349552	1.8886043533930859	1.5813060179257363	0.6402048655569783	0.3329065300896287	0.17285531370038412	0.10883482714468631	0.012804097311139566	0.01920614596670935	0.01920614596670935	0.0	0.0	0.0	0.0	0.0	0.0	0.0	0.0	0.0	0.0	0.0	0.0	0.0	0.0	0.0	0.0	0.0	0.0	0.0	0.0	0.0	0.0	0.0	0.0	0.0	0.0	0.0	0.0	0.0	0.0	0.0	0.019980953347494862	0.0	0.006961485329141281	0.011006233619904722	0.007651574961881991	0.011471126025762208	0.019118286970365977	0.016133416122671232	0.01581982608636221	0.016243294972770096	0.020384748872815876	0.004871588841866342	0.016015433966241794	0.025967787653808853	0.0	0.0	0.0	0.0	0.0	0.0	0.0	0.0	0.0	0.0	0.0	0.0	0.0																																					
gf388c3	HDR20211211005752	2021-12-11 00:57:52	22.5	210.1	0.0	0.0	0.0	0.0	0.0	0.0	0.0	0.0	0.0	0.0	0.0	0.0	0.0	0.0	0.0	0.0	0.0	0.0	87.12517848643503	0.0	10.575916230366493	6.849119466920515	2.8081865778200856	2.1037601142313185	1.6135173726796763	0.694907187053784	0.433127082341742	0.19990480723465018	0.0809138505473584	0.042836744407425034	0.03807710613993336	0.01903855306996668	0.0	0.0	0.0	0.0	0.0	0.0	0.0	0.0	0.0	0.0	0.0	0.0	0.0	0.0	0.0	0.0	0.0	0.0	0.0	0.0	0.0	0.0	0.0	0.0	0.0	0.0	0.0	0.0	0.0	0.0	0.0	0.018480348823920547	0.0	0.006952891283678386	0.01090000362687385	0.009440471886251444	0.012987475715100567	0.019591058969910913	0.01685905647391534	0.020798698418983942	0.019527588686924995	0.014710929469960924	0.013943096803698951	0.03330124681579002	0.02562178459970795	0.0	0.0	0.0	0.0	0.0	0.0	0.0	0.0	0.0	0.0	0.0	0.0	0.0																																					
gf388c3	HDR20211211005752	2021-12-11 00:57:52	27.5	218.9	0.0	0.0	0.0	0.0	0.0	0.0	0.0	0.0	0.0	0.0	0.0	0.0	0.0	0.0	0.0	0.0	0.0	0.0	73.32115121059844	0.0	9.885792599360439	6.861580630424851	2.4531749657377797	1.7405207857469163	1.4892645043398811	0.7172224760164458	0.3608953860210142	0.16902695294655093	0.04111466423024212	0.03654636820465966	0.01827318410232983	0.0045682960255824575	0.0	0.0	0.0	0.0	0.0	0.0	0.0	0.0	0.0	0.0	0.0	0.0	0.0	0.0	0.0	0.0	0.0	0.0	0.0	0.0	0.0	0.0	0.0	0.0	0.0	0.0	0.0	0.0	0.0	0.0	0.0	0.015552340598696741	0.0	0.006499185479456429	0.010887814850333088	0.008276571696885181	0.01070690614244057	0.018094422303242933	0.018160404756108015	0.017366603161626193	0.015926175838484494	0.008213370374116073	0.013179088983079646	0.013998972464461735	0.005651376689594043	0.0	0.0	0.0	0.0	0.0	0.0	0.0	0.0	0.0	0.0	0.0	0.0	0.0																																					
gf388c3	HDR20211211005752	2021-12-11 00:57:52	32.5	118.8	0.0	0.0	0.0	0.0	0.0	0.0	0.0	0.0	0.0	0.0	0.0	0.0	0.0	0.0	0.0	0.0	0.0	0.0	65.13468013468014	0.0	10.227272727272728	5.942760942760943	2.4494949494949494	1.5572390572390573	1.3468013468013469	0.563973063973064	0.3787878787878788	0.16835016835016836	0.0925925925925926	0.04208754208754209	0.04208754208754209	0.008417508417508417	0.0	0.0	0.0	0.0	0.0	0.0	0.0	0.0	0.0	0.0	0.0	0.0	0.0	0.0	0.0	0.0	0.0	0.0	0.0	0.0	0.0	0.0	0.0	0.0	0.0	0.0	0.0	0.0	0.0	0.0	0.0	0.013815886869153318	0.0	0.006723683683980167	0.00948078370083285	0.008107912479028112	0.009562784957822961	0.01681161646893992	0.014289517301600673	0.0177280139843203	0.01693931908071791	0.019518536137565812	0.017692211477269702	0.03288468352190313	0.014059511767282512	0.0	0.0	0.0	0.0	0.0	0.0	0.0	0.0	0.0	0.0	0.0	0.0	0.0																																					
gf388c3	HDR20211211005752	2021-12-11 00:57:52	37.5	204.6	0.0	0.0	0.0	0.0	0.0	0.0	0.0	0.0	0.0	0.0	0.0	0.0	0.0	0.0	0.0	0.0	0.0	0.0	62.028347996089934	0.0	9.682306940371456	6.940371456500489	2.248289345063539	1.6129032258064517	1.1534701857282503	0.46920821114369504	0.34701857282502446	0.1270772238514174	0.04887585532746823	0.039100684261974585	0.009775171065493646	0.019550342130987292	0.004887585532746823	0.0	0.0	0.0	0.0	0.0	0.0	0.0	0.0	0.0	0.0	0.0	0.0	0.0	0.0	0.0	0.0	0.0	0.0	0.0	0.0	0.0	0.0	0.0	0.0	0.0	0.0	0.0	0.0	0.0	0.0	0.0131569946581831	0.0	0.006365408543830209	0.010947817434778174	0.007557553684259938	0.009852401158456968	0.013937729753300016	0.011430433883135487	0.01682479533181035	0.011985423616576974	0.00945114687075566	0.016385593905572062	0.008079941731087892	0.03067469752391163	0.021210289809598458	0.0	0.0	0.0	0.0	0.0	0.0	0.0	0.0	0.0	0.0	0.0	0.0																																					
gf388c3	HDR20211211005752	2021-12-11 00:57:52	42.5	249.7	0.0	0.0	0.0	0.0	0.0	0.0	0.0	0.0	0.0	0.0	0.0	0.0	0.0	0.0	0.0	0.0	0.0	0.0	68.01762114537445	0.0	10.168201842210653	6.960352422907489	2.418902683219864	1.5979175010012014	1.3696435722867442	0.5806968362034441	0.3323988786543853	0.14817781337605127	0.028033640368442133	0.028033640368442133	0.028033640368442133	0.012014417300760914	0.004004805766920304	0.0	0.004004805766920304	0.0	0.0	0.0	0.0	0.0	0.0	0.0	0.0	0.0	0.0	0.0	0.0	0.0	0.0	0.0	0.0	0.0	0.0	0.0	0.0	0.0	0.0	0.0	0.0	0.0	0.0	0.0	0.0	0.014427395005400202	0.0	0.006684848898140242	0.011012038546415913	0.008136232685277456	0.009733411392546921	0.016739982584841415	0.01485286536237314	0.016292475615805706	0.014115492163803688	0.005440516151552784	0.010824993876036793	0.023192911202748318	0.01965665211814805	0.011661326233121215	0.0	0.0362294162234473	0.0	0.0	0.0	0.0	0.0	0.0	0.0	0.0	0.0	0.0																																					
gf388c3	HDR20211211005752	2021-12-11 00:57:52	47.5	200.2	0.0	0.0	0.0	0.0	0.0	0.0	0.0	0.0	0.0	0.0	0.0	0.0	0.0	0.0	0.0	0.0	0.0	0.0	82.88711288711289	0.0	10.514485514485514	6.568431568431569	2.277722277722278	1.8331668331668334	1.3086913086913088	0.5894105894105894	0.4545454545454546	0.18981018981018982	0.1048951048951049	0.03496503496503497	0.03496503496503497	0.024975024975024976	0.01998001998001998	0.029970029970029972	0.0	0.0	0.0	0.0	0.0	0.0	0.0	0.0	0.0	0.0	0.0	0.0	0.0	0.0	0.0	0.0	0.0	0.0	0.0	0.0	0.0	0.0	0.0	0.0	0.0	0.0	0.0	0.0	0.0	0.01758140167712847	0.0	0.00691250508169878	0.010462953139952018	0.0076092108388835225	0.01148148381442572	0.016188107736538043	0.014631146943872667	0.022132453548804786	0.018919584173691804	0.019571303655110766	0.01311360150924109	0.03382813894963966	0.03905459394696969	0.05884180411756207	0.2027538142430818	0.0	0.0	0.0	0.0	0.0	0.0	0.0	0.0	0.0	0.0	0.0																																					
gf388c3	HDR20211211005752	2021-12-11 00:57:52	52.5	115.5	0.0	0.0	0.0	0.0	0.0	0.0	0.0	0.0	0.0	0.0	0.0	0.0	0.0	0.0	0.0	0.0	0.0	0.0	98.25974025974025	0.0	10.796536796536797	7.082251082251083	2.761904761904762	1.826839826839827	1.3333333333333333	0.5974025974025974	0.38961038961038963	0.11255411255411256	0.05194805194805195	0.017316017316017316	0.04329004329004329	0.0	0.0	0.0	0.0	0.0	0.0	0.0	0.0	0.0	0.0	0.0	0.0	0.0	0.0	0.0	0.0	0.0	0.0	0.0	0.0	0.0	0.0	0.0	0.0	0.0	0.0	0.0	0.0	0.0	0.0	0.0	0.0	0.020842129759660145	0.0	0.007097933167342449	0.011397053687035587	0.009323348876840734	0.011352157770154763	0.01607718587932422	0.014682522807401595	0.018486789437193764	0.011115276564101823	0.011093205283113874	0.005174366426353757	0.03590829401864335	0.0	0.0	0.0	0.0	0.0	0.0	0.0	0.0	0.0	0.0	0.0	0.0	0.0	0.0																																					
gf388c3	HDR20211211005752	2021-12-11 00:57:52	57.5	217.8	0.0	0.0	0.0	0.0	0.0	0.0	0.0	0.0	0.0	0.0	0.0	0.0	0.0	0.0	0.0	0.0	0.0	0.0	104.14141414141413	0.0	10.482093663911845	6.712580348943985	2.7410468319559227	1.7125803489439853	1.1662075298438934	0.4820936639118457	0.39944903581267216	0.16069788797061524	0.055096418732782364	0.04591368227731864	0.027548209366391182	0.03673094582185491	0.0	0.0	0.0	0.0	0.0	0.0	0.0	0.0	0.0	0.0	0.0	0.0	0.0	0.0	0.0	0.0	0.0	0.0	0.0	0.0	0.0	0.0	0.0	0.0	0.0	0.0	0.0	0.0	0.0	0.0	0.0	0.02208970694561448	0.0	0.006891209809439605	0.010628172224500975	0.009182311134976862	0.010466615187443006	0.014580925045217531	0.012059651159527533	0.01936720960336597	0.015056697307510051	0.011009353748681155	0.018631786353603057	0.02193685940664714	0.061573467530452355	0.0	0.0	0.0	0.0	0.0	0.0	0.0	0.0	0.0	0.0	0.0	0.0	0.0																																					
gf388c3	HDR20211211005752	2021-12-11 00:57:52	62.5	211.2	0.0	0.0	0.0	0.0	0.0	0.0	0.0	0.0	0.0	0.0	0.0	0.0	0.0	0.0	0.0	0.0	0.0	0.0	108.85416666666667	0.0	11.160037878787879	6.974431818181818	2.566287878787879	1.8465909090909092	1.3068181818181819	0.5445075757575758	0.37405303030303033	0.14678030303030304	0.052083333333333336	0.03314393939393939	0.023674242424242424	0.004734848484848485	0.0	0.004734848484848485	0.0	0.0	0.0	0.0	0.0	0.0	0.0	0.0	0.0	0.0	0.0	0.0	0.0	0.0	0.0	0.0	0.0	0.0	0.0	0.0	0.0	0.0	0.0	0.0	0.0	0.0	0.0	0.0	0.0	0.023089341174209365	0.0	0.007336908538491321	0.011037510544448872	0.008590005099497788	0.011379064778577178	0.016512320627123392	0.01380988674952762	0.018583215051860072	0.01445627330114673	0.009552673912549436	0.012235210771548705	0.018192823210888817	0.005531392521922412	0.0	0.022100649135237738	0.0	0.0	0.0	0.0	0.0	0.0	0.0	0.0	0.0	0.0	0.0																																					
gf388c3	HDR20211211005752	2021-12-11 00:57:52	67.5	210.1	0.0	0.0	0.0	0.0	0.0	0.0	0.0	0.0	0.0	0.0	0.0	0.0	0.0	0.0	0.0	0.0	0.0	0.0	95.43550690147549	0.0	10.780580675868634	6.473108043788672	2.475011899095669	1.6611137553545932	1.4088529271775345	0.5092812946216088	0.31889576392194197	0.09519276534983341	0.0666349357448834	0.0333174678724417	0.014278914802475012	0.00951927653498334	0.00475963826749167	0.0	0.0	0.0	0.0	0.0	0.0	0.0	0.0	0.0	0.0	0.0	0.0	0.0	0.0	0.0	0.0	0.0	0.0	0.0	0.0	0.0	0.0	0.0	0.0	0.0	0.0	0.0	0.0	0.0	0.0	0.020243074256674723	0.0	0.007087443185207715	0.010184699937516988	0.00838592856022892	0.01011070387364497	0.017453630094167623	0.012533091310585989	0.01512814934114762	0.008886163117196257	0.01524653763812907	0.014618729595227756	0.012896774420256215	0.012947749561962171	0.019815212005406656	0.0	0.0	0.0	0.0	0.0	0.0	0.0	0.0	0.0	0.0	0.0	0.0																																					
gf388c3	HDR20211211005752	2021-12-11 00:57:52	72.5	138.6	0.0	0.0	0.0	0.0	0.0	0.0	0.0	0.0	0.0	0.0	0.0	0.0	0.0	0.0	0.0	0.0	0.0	0.0	107.12842712842713	0.0	11.32034632034632	7.15007215007215	2.3593073593073592	1.7965367965367967	1.341991341991342	0.5988455988455988	0.38961038961038963	0.18759018759018758	0.10101010101010101	0.03607503607503608	0.007215007215007215	0.03607503607503608	0.0	0.0	0.0	0.0	0.0	0.0	0.0	0.0	0.0	0.0	0.0	0.0	0.0	0.0	0.0	0.0	0.0	0.0	0.0	0.0	0.0	0.0	0.0	0.0	0.0	0.0	0.0	0.0	0.0	0.0	0.0	0.022723290060169307	0.0	0.007442299612109265	0.011357876748914641	0.00795340637633183	0.011062966356851391	0.016321166543260397	0.014906227100816925	0.018663821090614745	0.019324082867737086	0.018139312698911846	0.014103426314679535	0.00794307965483543	0.055793573453114045	0.0	0.0	0.0	0.0	0.0	0.0	0.0	0.0	0.0	0.0	0.0	0.0	0.0																																					
gf388c3	HDR20211211005752	2021-12-11 00:57:52	77.5	93.5	0.0	0.0	0.0	0.0	0.0	0.0	0.0	0.0	0.0	0.0	0.0	0.0	0.0	0.0	0.0	0.0	0.0	0.0	99.43315508021391	0.0	10.973262032085561	7.112299465240642	2.556149732620321	1.8074866310160427	1.6042780748663101	0.7379679144385026	0.2994652406417112	0.1925133689839572	0.0855614973262032	0.0213903743315508	0.0213903743315508	0.0	0.0	0.0	0.0	0.0	0.0	0.0	0.0	0.0	0.0	0.0	0.0	0.0	0.0	0.0	0.0	0.0	0.0	0.0	0.0	0.0	0.0	0.0	0.0	0.0	0.0	0.0	0.0	0.0	0.0	0.0	0.0	0.021091025837398306	0.0	0.007214117082105778	0.011234314426591884	0.00863811953980998	0.01092538553717816	0.019101966429785563	0.018493964678671832	0.014395900947454535	0.01787170770742304	0.016301682602092152	0.009096171380644528	0.0175647342366578	0.0	0.0	0.0	0.0	0.0	0.0	0.0	0.0	0.0	0.0	0.0	0.0	0.0	0.0																																					
gf388c3	HDR20211211005752	2021-12-11 00:57:52	82.5	154.0	0.0	0.0	0.0	0.0	0.0	0.0	0.0	0.0	0.0	0.0	0.0	0.0	0.0	0.0	0.0	0.0	0.0	0.0	88.48051948051948	0.0	12.655844155844155	7.915584415584416	2.896103896103896	1.896103896103896	1.3571428571428572	0.474025974025974	0.36363636363636365	0.09090909090909091	0.07142857142857142	0.025974025974025976	0.012987012987012988	0.0	0.0	0.0	0.0	0.0	0.0	0.0	0.0	0.0	0.0	0.0	0.0	0.0	0.0	0.0	0.0	0.0	0.0	0.0	0.0	0.0	0.0	0.0	0.0	0.0	0.0	0.0	0.0	0.0	0.0	0.0	0.0	0.018767833736791507	0.0	0.008320291746080854	0.012584457161302062	0.009642132292795548	0.011430344251417111	0.016109846400910434	0.01191128599958287	0.01696737431256349	0.009147042247002541	0.01344155416894776	0.010265511394556157	0.00996623516313667	0.0	0.0	0.0	0.0	0.0	0.0	0.0	0.0	0.0	0.0	0.0	0.0	0.0	0.0																																					
gf388c3	HDR20211211005752	2021-12-11 00:57:52	87.5	236.5	0.0	0.0	0.0	0.0	0.0	0.0	0.0	0.0	0.0	0.0	0.0	0.0	0.0	0.0	0.0	0.0	0.0	0.0	76.30443974630022	0.0	13.505285412262156	8.160676532769555	2.490486257928118	1.6363636363636365	1.2642706131078225	0.4355179704016913	0.21141649048625794	0.09725158562367865	0.03805496828752643	0.021141649048625793	0.004228329809725159	0.0	0.004228329809725159	0.0	0.0	0.0	0.0	0.0	0.0	0.0	0.0	0.0	0.0	0.0	0.0	0.0	0.0	0.0	0.0	0.0	0.0	0.0	0.0	0.0	0.0	0.0	0.0	0.0	0.0	0.0	0.0	0.0	0.0	0.016185133710170888	0.0	0.008878737234783525	0.012874149436649683	0.008357060459349029	0.009900056273297729	0.01575397732612119	0.010439940011026294	0.010416104216268275	0.010471204315616676	0.006777851746853051	0.008531493374452468	0.004495309512790747	0.0	0.011502680157648089	0.0	0.0	0.0	0.0	0.0	0.0	0.0	0.0	0.0	0.0	0.0	0.0																																					
gf388c3	HDR20211211005752	2021-12-11 00:57:52	92.5	200.2	0.0	0.0	0.0	0.0	0.0	0.0	0.0	0.0	0.0	0.0	0.0	0.0	0.0	0.0	0.0	0.0	0.0	0.0	68.19180819180819	0.0	11.193806193806195	7.082917082917083	2.4075924075924076	1.5334665334665336	1.228771228771229	0.4995004995004995	0.5194805194805195	0.4145854145854146	0.23476523476523478	0.06993006993006994	0.05494505494505495	0.06493506493506494	0.06493506493506494	0.01998001998001998	0.00999000999000999	0.0	0.0	0.0	0.0	0.0	0.0	0.0	0.0	0.0	0.0	0.0	0.0	0.0	0.0	0.0	0.0	0.0	0.0	0.0	0.0	0.0	0.0	0.0	0.0	0.0	0.0	0.0	0.0	0.01446434227408448	0.0	0.007359108735433237	0.01108417475766348	0.008132247843090457	0.009413433480015177	0.014885637021737752	0.012196991844254714	0.02592182880937688	0.043020449028073955	0.043759263645502935	0.026082971588396616	0.04490559834901146	0.11228607337147076	0.2206514595183843	0.1108209906730421	0.11740226959999692	0.0	0.0	0.0	0.0	0.0	0.0	0.0	0.0	0.0	0.0																																					
gf388c3	HDR20211211005752	2021-12-11 00:57:52	97.5	254.1	0.0	0.0	0.0	0.0	0.0	0.0	0.0	0.0	0.0	0.0	0.0	0.0	0.0	0.0	0.0	0.0	0.0	0.0	62.6288862652499	0.0	9.720582447855175	5.8441558441558445	1.9047619047619049	1.184573002754821	0.7674144037780402	0.28728846910665096	0.11412829594647776	0.07870916961826054	0.007870916961826053	0.007870916961826053	0.007870916961826053	0.0	0.0	0.0	0.0	0.0	0.0	0.0	0.0	0.0	0.0	0.0	0.0	0.0	0.0	0.0	0.0	0.0	0.0	0.0	0.0	0.0	0.0	0.0	0.0	0.0	0.0	0.0	0.0	0.0	0.0	0.0	0.0	0.013284376396608092	0.0	0.006390571890112943	0.009255240465191656	0.006330311435635742	0.007246847922375964	0.009277957998346034	0.0072936947756790296	0.005565641493099077	0.0073478781512213	0.001406073616999095	0.0026775133698330035	0.007124704184289478	0.0	0.0	0.0	0.0	0.0	0.0	0.0	0.0	0.0	0.0	0.0	0.0	0.0	0.0																																					
gf388c3	HDR20211211005752	2021-12-11 00:57:52	102.5	199.1	0.0	0.0	0.0	0.0	0.0	0.0	0.0	0.0	0.0	0.0	0.0	0.0	0.0	0.0	0.0	0.0	0.0	0.0	58.749372174786544	0.0	9.522852837769966	6.057257659467604	1.6022099447513813	1.0999497739829232	0.6177800100452034	0.28126569563033654	0.1305876443997991	0.030135610246107485	0.025113008538422903	0.025113008538422903	0.0	0.005022601707684581	0.0	0.0	0.0	0.0	0.0	0.0	0.0	0.0	0.0	0.0	0.0	0.0	0.0	0.0	0.0	0.0	0.0	0.0	0.0	0.0	0.0	0.0	0.0	0.0	0.0	0.0	0.0	0.0	0.0	0.0	0.0	0.012461482545432334	0.0	0.006260579135580796	0.009535600257781628	0.005260531127060849	0.0065732807119913	0.007472414947150346	0.007042648051967692	0.005885379340182929	0.0031226108105791425	0.004890316186195837	0.009179962336862413	0.0	0.007084823553953154	0.0	0.0	0.0	0.0	0.0	0.0	0.0	0.0	0.0	0.0	0.0	0.0	0.0																																					
gf388c3	HDR20211211005752	2021-12-11 00:57:52	107.5	251.9	0.0	0.0	0.0	0.0	0.0	0.0	0.0	0.0	0.0	0.0	0.0	0.0	0.0	0.0	0.0	0.0	0.0	0.0	64.1961095672886	0.0	9.606986899563319	5.482334259626836	1.683207622072251	0.9924573243350536	0.6153235410877332	0.2540690750297737	0.20643112346169115	0.05954743946010321	0.011909487892020643	0.015879317189360857	0.0	0.0	0.0	0.0	0.0	0.0	0.0	0.0	0.0	0.0	0.0	0.0	0.0	0.0	0.0	0.0	0.0	0.0	0.0	0.0	0.0	0.0	0.0	0.0	0.0	0.0	0.0	0.0	0.0	0.0	0.0	0.0	0.0	0.01361680421839053	0.0	0.006315891126727608	0.008582700514169133	0.005646681528256527	0.0059534601765605915	0.0074983132954290176	0.0061189067724853104	0.009631134303772817	0.005903049112263068	0.0019297295095735377	0.0064964969909562294	0.0	0.0	0.0	0.0	0.0	0.0	0.0	0.0	0.0	0.0	0.0	0.0	0.0	0.0	0.0																																					
gf388c3	HDR20211211005752	2021-12-11 00:57:52	112.5	136.4	0.0	0.0	0.0	0.0	0.0	0.0	0.0	0.0	0.0	0.0	0.0	0.0	0.0	0.0	0.0	0.0	0.0	0.0	70.34457478005865	0.0	9.127565982404692	5.058651026392962	1.7375366568914956	0.8504398826979471	0.5571847507331378	0.26392961876832843	0.07331378299120234	0.05865102639296187	0.014662756598240468	0.0	0.007331378299120234	0.007331378299120234	0.0219941348973607	0.014662756598240468	0.0	0.0	0.0	0.0	0.0	0.0	0.0	0.0	0.0	0.0	0.0	0.0	0.0	0.0	0.0	0.0	0.0	0.0	0.0	0.0	0.0	0.0	0.0	0.0	0.0	0.0	0.0	0.0	0.0	0.014920971209353106	0.0	0.0060007069437672455	0.00800724230785908	0.005818676595611931	0.004890346147628007	0.00691130865334983	0.006727187738722174	0.003633749713210995	0.006181899955370978	0.003049376590623599	0.0	0.005237266732486306	0.008707825226943907	0.07799245314349744	0.09910940280382971	0.0	0.0	0.0	0.0	0.0	0.0	0.0	0.0	0.0	0.0	0.0																																					
gf388c3	HDR20211211005752	2021-12-11 00:57:52	117.5	99.0	0.0	0.0	0.0	0.0	0.0	0.0	0.0	0.0	0.0	0.0	0.0	0.0	0.0	0.0	0.0	0.0	0.0	0.0	80.14141414141415	0.0	9.616161616161616	4.565656565656566	1.0404040404040404	0.7070707070707071	0.46464646464646464	0.18181818181818182	0.06060606060606061	0.050505050505050504	0.0	0.04040404040404041	0.0	0.0	0.0	0.0	0.0	0.0	0.0	0.0	0.0	0.0	0.0	0.0	0.0	0.0	0.0	0.0	0.0	0.0	0.0	0.0	0.0	0.0	0.0	0.0	0.0	0.0	0.0	0.0	0.0	0.0	0.0	0.0	0.0	0.01699900435562612	0.0	0.0063219228317522155	0.0071053120496576295	0.0034517111310586593	0.004206139606404743	0.00551097116572415	0.0049282911391981795	0.0026828575928977863	0.004733402937294043	0.0	0.013447384437966128	0.0	0.0	0.0	0.0	0.0	0.0	0.0	0.0	0.0	0.0	0.0	0.0	0.0	0.0	0.0																																					
gf388c3	HDR20211211005752	2021-12-11 00:57:52	122.5	167.2	0.0	0.0	0.0	0.0	0.0	0.0	0.0	0.0	0.0	0.0	0.0	0.0	0.0	0.0	0.0	0.0	0.0	0.0	86.03468899521532	0.0	9.336124401913876	4.5394736842105265	1.2619617224880384	0.5980861244019139	0.43660287081339716	0.1375598086124402	0.08373205741626795	0.04784688995215311	0.023923444976076555	0.005980861244019139	0.03588516746411483	0.005980861244019139	0.0	0.0	0.0	0.0	0.0	0.0	0.0	0.0	0.0	0.0	0.0	0.0	0.0	0.0	0.0	0.0	0.0	0.0	0.0	0.0	0.0	0.0	0.0	0.0	0.0	0.0	0.0	0.0	0.0	0.0	0.0	0.01824904225403274	0.0	0.006137818848358503	0.0071539394907780005	0.004169177793597643	0.003567520792273246	0.0053215083899037004	0.003423391366848674	0.0038122517810100717	0.005300081428094332	0.00499464129791316	0.001787071370362401	0.0272500754093574	0.008374039516147302	0.0	0.0	0.0	0.0	0.0	0.0	0.0	0.0	0.0	0.0	0.0	0.0	0.0																																					
gf388c3	HDR20211211005752	2021-12-11 00:57:52	127.5	140.8	0.0	0.0	0.0	0.0	0.0	0.0	0.0	0.0	0.0	0.0	0.0	0.0	0.0	0.0	0.0	0.0	0.0	0.0	81.91051136363636	0.0	9.24715909090909	4.836647727272727	1.221590909090909	0.6960227272727272	0.38352272727272724	0.1065340909090909	0.056818181818181816	0.014204545454545454	0.007102272727272727	0.007102272727272727	0.0	0.007102272727272727	0.0	0.007102272727272727	0.0	0.0	0.0	0.0	0.0	0.0	0.0	0.0	0.0	0.0	0.0	0.0	0.0	0.0	0.0	0.0	0.0	0.0	0.0	0.0	0.0	0.0	0.0	0.0	0.0	0.0	0.0	0.0	0.0	0.017374252181088946	0.0	0.006079330664265401	0.0074749421221877305	0.004095228901509046	0.0042301098142162995	0.0046670634965000676	0.002620487922609453	0.002892765547932176	0.0016198591038752211	0.0012020060939087953	0.002766711204159672	0.0	0.00885686983394671	0.0	0.03850457154596814	0.0	0.0	0.0	0.0	0.0	0.0	0.0	0.0	0.0	0.0	0.0																																					
gf388c3	HDR20211211005752	2021-12-11 00:57:52	132.5	156.2	0.0	0.0	0.0	0.0	0.0	0.0	0.0	0.0	0.0	0.0	0.0	0.0	0.0	0.0	0.0	0.0	0.0	0.0	77.95134443021767	0.0	10.102432778489117	5.032010243277849	1.267605633802817	0.646606914212548	0.3905249679897568	0.1536491677336748	0.08962868117797695	0.025608194622279132	0.03201024327784891	0.0	0.0	0.0	0.0	0.0	0.0	0.0	0.0	0.0	0.0	0.0	0.0	0.0	0.0	0.0	0.0	0.0	0.0	0.0	0.0	0.0	0.0	0.0	0.0	0.0	0.0	0.0	0.0	0.0	0.0	0.0	0.0	0.0	0.0	0.016534462957666	0.0	0.0066416105498095165	0.007780229978989988	0.004257734585109659	0.00402870748632911	0.0048138803277492604	0.003762266644039699	0.003994655062170725	0.002735340572578145	0.006686002132668222	0.0	0.0	0.0	0.0	0.0	0.0	0.0	0.0	0.0	0.0	0.0	0.0	0.0	0.0	0.0	0.0																																					
gf388c3	HDR20211211005752	2021-12-11 00:57:52	137.5	155.1	0.0	0.0	0.0	0.0	0.0	0.0	0.0	0.0	0.0	0.0	0.0	0.0	0.0	0.0	0.0	0.0	0.0	0.0	68.65892972275951	0.0	8.942617666021922	4.545454545454546	1.2959381044487428	0.6834300451321729	0.3610573823339781	0.09671179883945842	0.06447453255963895	0.04513217279174726	0.019342359767891684	0.0	0.006447453255963895	0.0	0.0	0.0	0.0	0.0	0.0	0.0	0.0	0.0	0.0	0.0	0.0	0.0	0.0	0.0	0.0	0.0	0.0	0.0	0.0	0.0	0.0	0.0	0.0	0.0	0.0	0.0	0.0	0.0	0.0	0.0	0.0	0.014563424640228364	0.0	0.0058791169548813174	0.007288118832337455	0.004364318165949093	0.004098782235721221	0.004285605297204472	0.002238324286700292	0.0030570288330753793	0.004222261377397206	0.004104458132981989	0.0	0.004248516945676917	0.0	0.0	0.0	0.0	0.0	0.0	0.0	0.0	0.0	0.0	0.0	0.0	0.0	0.0																																					
gf388c3	HDR20211211005752	2021-12-11 00:57:52	142.5	279.4	0.0	0.0	0.0	0.0	0.0	0.0	0.0	0.0	0.0	0.0	0.0	0.0	0.0	0.0	0.0	0.0	0.0	0.0	64.96420901932713	0.0	8.987115246957767	4.545454545454546	1.2848962061560487	0.6692913385826772	0.3829634931997137	0.12526843235504653	0.07874015748031497	0.06800286327845384	0.025053686471009307	0.003579098067287044	0.007158196134574088	0.0	0.0	0.0	0.0	0.0	0.0	0.0	0.0	0.0	0.0	0.0	0.0	0.0	0.0	0.0	0.0	0.0	0.0	0.0	0.0	0.0	0.0	0.0	0.0	0.0	0.0	0.0	0.0	0.0	0.0	0.0	0.0	0.013779727796301414	0.0	0.005908370859308555	0.007136104382350853	0.00429584077971509	0.003978541769945004	0.004937411253599381	0.0031319338872231356	0.004072269737578015	0.007271881462849841	0.004120377803256169	0.0018266339186602865	0.0043636364331519125	0.0	0.0	0.0	0.0	0.0	0.0	0.0	0.0	0.0	0.0	0.0	0.0	0.0	0.0																																					
gf388c3	HDR20211211005752	2021-12-11 00:57:52	147.5	103.4	0.0	0.0	0.0	0.0	0.0	0.0	0.0	0.0	0.0	0.0	0.0	0.0	0.0	0.0	0.0	0.0	0.0	0.0	60.01934235976789	0.0	9.284332688588007	4.429400386847195	1.1798839458413926	0.5609284332688588	0.20309477756286265	0.1450676982591876	0.03868471953578336	0.00967117988394584	0.00967117988394584	0.0	0.0	0.0	0.0	0.0	0.0	0.0	0.0	0.0	0.0	0.0	0.0	0.0	0.0	0.0	0.0	0.0	0.0	0.0	0.0	0.0	0.0	0.0	0.0	0.0	0.0	0.0	0.0	0.0	0.0	0.0	0.0	0.0	0.0	0.012730859233344523	0.0	0.0061037695854571725	0.006832592860142739	0.003951868357190526	0.0034157818364936206	0.0024874262671809567	0.0034827674144102265	0.0017484756226671975	0.0009503125493528714	0.001681528511997216	0.0	0.0	0.0	0.0	0.0	0.0	0.0	0.0	0.0	0.0	0.0	0.0	0.0	0.0	0.0	0.0																																					
gf388c3	HDR20211211005752	2021-12-11 00:57:52	152.5	119.9	0.0	0.0	0.0	0.0	0.0	0.0	0.0	0.0	0.0	0.0	0.0	0.0	0.0	0.0	0.0	0.0	0.0	0.0	54.58715596330275	0.0	8.53211009174312	4.787322768974145	1.3094245204336947	0.6171809841534612	0.21684737281067556	0.0750625521267723	0.016680567139282735	0.03336113427856547	0.0250208507089241	0.0	0.0	0.0	0.0	0.0	0.0	0.0	0.0	0.0	0.0	0.0	0.0	0.0	0.0	0.0	0.0	0.0	0.0	0.0	0.0	0.0	0.0	0.0	0.0	0.0	0.0	0.0	0.0	0.0	0.0	0.0	0.0	0.0	0.0	0.011578624010103499	0.0	0.0056092382537914045	0.0074880069504839235	0.0043150142002468285	0.003705129968060553	0.00244363013729705	0.0018850502944726972	0.0006328226902533748	0.003893599698446295	0.004058261399713813	0.0	0.0	0.0	0.0	0.0	0.0	0.0	0.0	0.0	0.0	0.0	0.0	0.0	0.0	0.0	0.0																																					
gf388c3	HDR20211211005752	2021-12-11 00:57:52	157.5	210.1	0.0	0.0	0.0	0.0	0.0	0.0	0.0	0.0	0.0	0.0	0.0	0.0	0.0	0.0	0.0	0.0	0.0	0.0	55.13089005235602	0.0	9.476439790575917	4.583531651594479	1.2898619704902428	0.6377915278438839	0.2808186577820086	0.07139457401237506	0.05711565920990005	0.00475963826749167	0.014278914802475012	0.014278914802475012	0.00951927653498334	0.0	0.0	0.0	0.0	0.0	0.0	0.0	0.0	0.0	0.0	0.0	0.0	0.0	0.0	0.0	0.0	0.0	0.0	0.0	0.0	0.0	0.0	0.0	0.0	0.0	0.0	0.0	0.0	0.0	0.0	0.0	0.0	0.011693956865745517	0.0	0.00623006595220687	0.007079354061712209	0.004257019402622053	0.003838526049907536	0.0033174369827988527	0.0018274870153125286	0.002593982106110341	0.0005221090396498694	0.003045137264252991	0.00548289267146784	0.006661395933511323	0.0	0.0	0.0	0.0	0.0	0.0	0.0	0.0	0.0	0.0	0.0	0.0	0.0	0.0																																					
gf388c3	HDR20211211005752	2021-12-11 00:57:52	162.5	155.1	0.0	0.0	0.0	0.0	0.0	0.0	0.0	0.0	0.0	0.0	0.0	0.0	0.0	0.0	0.0	0.0	0.0	0.0	62.804642166344294	0.0	9.445519019987106	4.48742746615087	1.0638297872340425	0.5738233397807866	0.2901353965183753	0.07092198581560284	0.05157962604771116	0.019342359767891684	0.0	0.006447453255963895	0.0	0.0	0.0	0.0	0.0	0.0	0.0	0.0	0.0	0.0	0.0	0.0	0.0	0.0	0.0	0.0	0.0	0.0	0.0	0.0	0.0	0.0	0.0	0.0	0.0	0.0	0.0	0.0	0.0	0.0	0.0	0.0	0.0	0.013321656439145882	0.0	0.006209737807426915	0.006997594653445399	0.0035263124109556755	0.0033860152919196447	0.003396970395561211	0.0018633053815059872	0.0026939866561750563	0.0020186684972394783	0.0	0.0034281546871261516	0.0	0.0	0.0	0.0	0.0	0.0	0.0	0.0	0.0	0.0	0.0	0.0	0.0	0.0	0.0																																					
gf388c3	HDR20211211005752	2021-12-11 00:57:52	167.5	122.1	0.0	0.0	0.0	0.0	0.0	0.0	0.0	0.0	0.0	0.0	0.0	0.0	0.0	0.0	0.0	0.0	0.0	0.0	70.61425061425062	0.0	9.344799344799345	4.692874692874693	1.122031122031122	0.5323505323505324	0.22932022932022933	0.07371007371007371	0.024570024570024572	0.024570024570024572	0.00819000819000819	0.00819000819000819	0.01638001638001638	0.00819000819000819	0.0	0.0	0.0	0.0	0.0	0.0	0.0	0.0	0.0	0.0	0.0	0.0	0.0	0.0	0.0	0.0	0.0	0.0	0.0	0.0	0.0	0.0	0.0	0.0	0.0	0.0	0.0	0.0	0.0	0.0	0.0	0.014978172853835533	0.0	0.006143521988725821	0.007286376882726034	0.003715248823901535	0.003140800131462393	0.0029544221174351557	0.001864103262146267	0.0008904333903365807	0.002762013308005671	0.0014239971182679126	0.0023077833024938215	0.01276433188119206	0.011552730299689378	0.0	0.0	0.0	0.0	0.0	0.0	0.0	0.0	0.0	0.0	0.0	0.0	0.0																																					
gf388c3	HDR20211211005752	2021-12-11 00:57:52	172.5	132.0	0.0	0.0	0.0	0.0	0.0	0.0	0.0	0.0	0.0	0.0	0.0	0.0	0.0	0.0	0.0	0.0	0.0	0.0	89.9469696969697	0.0	9.992424242424242	4.924242424242424	1.1590909090909092	0.6666666666666666	0.3106060606060606	0.07575757575757576	0.06060606060606061	0.0	0.0	0.0	0.0	0.0	0.0	0.0	0.0	0.0	0.0	0.0	0.0	0.0	0.0	0.0	0.0	0.0	0.0	0.0	0.0	0.0	0.0	0.0	0.0	0.0	0.0	0.0	0.0	0.0	0.0	0.0	0.0	0.0	0.0	0.0	0.0	0.01907888631658201	0.0	0.006569287984570252	0.007720305013964686	0.0038921967198403333	0.003990792811356731	0.003525652163926955	0.001856538387546565	0.0024018114463482828	0.0	0.0	0.0	0.0	0.0	0.0	0.0	0.0	0.0	0.0	0.0	0.0	0.0	0.0	0.0	0.0	0.0	0.0																																					
gf388c3	HDR20211211005752	2021-12-11 00:57:52	177.5	174.9	0.0	0.0	0.0	0.0	0.0	0.0	0.0	0.0	0.0	0.0	0.0	0.0	0.0	0.0	0.0	0.0	0.0	0.0	96.1177815894797	0.0	10.13722126929674	4.934248141795312	1.3436249285305888	0.7547169811320754	0.26872498570611775	0.09719839908519154	0.022870211549456832	0.017152658662092625	0.0	0.0	0.005717552887364208	0.0	0.011435105774728416	0.0	0.0	0.0	0.0	0.0	0.0	0.0	0.0	0.0	0.0	0.0	0.0	0.0	0.0	0.0	0.0	0.0	0.0	0.0	0.0	0.0	0.0	0.0	0.0	0.0	0.0	0.0	0.0	0.0	0.0	0.020387793320062495	0.0	0.006664481437706127	0.007753788673232264	0.004533354778773114	0.004556476187613735	0.003275828523650631	0.002452418817854512	0.0009753019090129208	0.0018771491405262886	0.0	0.0	0.003289912495006657	0.0	0.036852784344185825	0.0	0.0	0.0	0.0	0.0	0.0	0.0	0.0	0.0	0.0	0.0	0.0																																					
gf388c3	HDR20211211005752	2021-12-11 00:57:52	182.5	210.1	0.0	0.0	0.0	0.0	0.0	0.0	0.0	0.0	0.0	0.0	0.0	0.0	0.0	0.0	0.0	0.0	0.0	0.0	92.14183722037126	0.0	10.176106615897192	4.588291289861971	1.1232746311280344	0.6044740599714422	0.2760590195145169	0.08567348881485007	0.023798191337458353	0.00475963826749167	0.00951927653498334	0.0	0.00475963826749167	0.00475963826749167	0.0	0.0	0.0	0.0	0.0	0.0	0.0	0.0	0.0	0.0	0.0	0.0	0.0	0.0	0.0	0.0	0.0	0.0	0.0	0.0	0.0	0.0	0.0	0.0	0.0	0.0	0.0	0.0	0.0	0.0	0.0	0.01954444539100125	0.0	0.0066900457085978336	0.007158095622612154	0.0037007221053046726	0.003587391169166026	0.003255635990709201	0.0019997669416989784	0.0011833315619135152	0.0003822497947626755	0.002147505525178321	0.0	0.005239937363922849	0.006914251891027457	0.0	0.0	0.0	0.0	0.0	0.0	0.0	0.0	0.0	0.0	0.0	0.0	0.0																																					
gf388c3	HDR20211211005752	2021-12-11 00:57:52	187.5	194.7	0.0	0.0	0.0	0.0	0.0	0.0	0.0	0.0	0.0	0.0	0.0	0.0	0.0	0.0	0.0	0.0	0.0	0.0	82.14689265536724	0.0	9.72778633795583	5.136106831022086	1.2942989214175655	0.5598356445814073	0.40575243965074476	0.0719054956343092	0.020544427324088343	0.0	0.0	0.005136106831022086	0.0	0.0	0.0	0.0	0.0	0.0	0.0	0.0	0.0	0.0	0.0	0.0	0.0	0.0	0.0	0.0	0.0	0.0	0.0	0.0	0.0	0.0	0.0	0.0	0.0	0.0	0.0	0.0	0.0	0.0	0.0	0.0	0.0	0.01742439163334058	0.0	0.006395307920883082	0.007955945783450423	0.004281429255777684	0.0033566147005447368	0.0049135807065706655	0.0016356941344199654	0.0007532595646676238	0.0	0.0	0.0018086110886465694	0.0	0.0	0.0	0.0	0.0	0.0	0.0	0.0	0.0	0.0	0.0	0.0	0.0	0.0	0.0																																					
gf388c3	HDR20211211005752	2021-12-11 00:57:52	192.5	203.5	0.0	0.0	0.0	0.0	0.0	0.0	0.0	0.0	0.0	0.0	0.0	0.0	0.0	0.0	0.0	0.0	0.0	0.0	71.34643734643734	0.0	9.606879606879607	4.619164619164619	1.0909090909090908	0.515970515970516	0.26044226044226043	0.0343980343980344	0.044226044226044224	0.009828009828009828	0.004914004914004914	0.004914004914004914	0.0	0.0	0.0	0.0	0.0	0.0	0.0	0.0	0.0	0.0	0.0	0.0	0.0	0.0	0.0	0.0	0.0	0.0	0.0	0.0	0.0	0.0	0.0	0.0	0.0	0.0	0.0	0.0	0.0	0.0	0.0	0.0	0.0	0.015133478891081293	0.0	0.006315820589636624	0.007183703530341254	0.003584017474752625	0.0030726694259433063	0.0029557485301669618	0.000755239944167382	0.00194926534997105	0.0007724865209232884	0.0012231785390430052	0.0017004593016784954	0.0	0.0	0.0	0.0	0.0	0.0	0.0	0.0	0.0	0.0	0.0	0.0	0.0	0.0	0.0																																					
gf388c3	HDR20211211005752	2021-12-11 00:57:52	197.5	229.9	0.0	0.0	0.0	0.0	0.0	0.0	0.0	0.0	0.0	0.0	0.0	0.0	0.0	0.0	0.0	0.0	0.0	0.0	66.82905611135276	0.0	9.173553719008265	4.545454545454545	1.1874728142670725	0.4567203131796433	0.23488473249238798	0.06959547629404089	0.034797738147020446	0.008699434536755112	0.004349717268377556	0.0	0.0	0.0	0.0	0.0	0.0	0.0	0.0	0.0	0.0	0.0	0.0	0.0	0.0	0.0	0.0	0.0	0.0	0.0	0.0	0.0	0.0	0.0	0.0	0.0	0.0	0.0	0.0	0.0	0.0	0.0	0.0	0.0	0.0	0.014175285376355875	0.0	0.006030940516539785	0.007179825009476014	0.003876111307002172	0.0027372934035691443	0.0028923315909967634	0.0018254045781145932	0.001656709671877093	0.0009291093912091756	0.0006770414793627396	0.0	0.0	0.0	0.0	0.0	0.0	0.0	0.0	0.0	0.0	0.0	0.0	0.0	0.0	0.0	0.0																																					
gf388c3	HDR20211211005752	2021-12-11 00:57:52	202.5	154.0	0.0	0.0	0.0	0.0	0.0	0.0	0.0	0.0	0.0	0.0	0.0	0.0	0.0	0.0	0.0	0.0	0.0	0.0	60.88961038961039	0.0	9.214285714285714	4.51948051948052	1.0194805194805194	0.5324675324675324	0.33116883116883117	0.05194805194805195	0.032467532467532464	0.012987012987012988	0.006493506493506494	0.006493506493506494	0.0	0.0	0.0	0.0	0.0	0.0	0.0	0.0	0.0	0.0	0.0	0.0	0.0	0.0	0.0	0.0	0.0	0.0	0.0	0.0	0.0	0.0	0.0	0.0	0.0	0.0	0.0	0.0	0.0	0.0	0.0	0.0	0.0	0.012915454054740493	0.0	0.006057718823852606	0.007062450292875979	0.003346347017448202	0.0031813277647016087	0.003772142857129572	0.0011672232999153658	0.0014634878302369277	0.0012409933160990143	0.0010692425815702095	0.003087946607853587	0.0	0.0	0.0	0.0	0.0	0.0	0.0	0.0	0.0	0.0	0.0	0.0	0.0	0.0	0.0																																					
gf388c3	HDR20211211005752	2021-12-11 00:57:52	207.5	118.8	0.0	0.0	0.0	0.0	0.0	0.0	0.0	0.0	0.0	0.0	0.0	0.0	0.0	0.0	0.0	0.0	0.0	0.0	54.0993265993266	0.0	8.577441077441078	4.360269360269361	0.9848484848484849	0.6144781144781145	0.35353535353535354	0.07575757575757576	0.025252525252525252	0.016835016835016835	0.016835016835016835	0.008417508417508417	0.008417508417508417	0.008417508417508417	0.0	0.0	0.0	0.0	0.0	0.0	0.0	0.0	0.0	0.0	0.0	0.0	0.0	0.0	0.0	0.0	0.0	0.0	0.0	0.0	0.0	0.0	0.0	0.0	0.0	0.0	0.0	0.0	0.0	0.0	0.0	0.011475149251492425	0.0	0.005639040060885424	0.006905307896828043	0.003341820091886877	0.0037279141558524244	0.004015361422057309	0.0018054474567329335	0.0011852796439031533	0.0012661466796401438	0.003207026950765709	0.003279065130855908	0.008713377866754515	0.012227982510983743	0.0	0.0	0.0	0.0	0.0	0.0	0.0	0.0	0.0	0.0	0.0	0.0	0.0																																					
gf388c3	HDR20211211005752	2021-12-11 00:57:52	212.5	100.1	0.0	0.0	0.0	0.0	0.0	0.0	0.0	0.0	0.0	0.0	0.0	0.0	0.0	0.0	0.0	0.0	0.0	0.0	48.57142857142858	0.0	8.211788211788212	4.355644355644356	1.138861138861139	0.6293706293706294	0.3096903096903097	0.0999000999000999	0.01998001998001998	0.01998001998001998	0.0	0.0	0.0	0.0	0.0	0.0	0.0	0.0	0.0	0.0	0.0	0.0	0.0	0.0	0.0	0.0	0.0	0.0	0.0	0.0	0.0	0.0	0.0	0.0	0.0	0.0	0.0	0.0	0.0	0.0	0.0	0.0	0.0	0.0	0.0	0.010302612384500255	0.0	0.005398650049554771	0.006587127983855047	0.0036954536179050683	0.0038191422329167993	0.0038735378045367704	0.0022567967369444795	0.0007579964092045918	0.0017817063960049477	0.0	0.0	0.0	0.0	0.0	0.0	0.0	0.0	0.0	0.0	0.0	0.0	0.0	0.0	0.0	0.0	0.0																																					
gf388c3	HDR20211211005752	2021-12-11 00:57:52	217.5	126.5	0.0	0.0	0.0	0.0	0.0	0.0	0.0	0.0	0.0	0.0	0.0	0.0	0.0	0.0	0.0	0.0	0.0	0.0	46.54545454545455	0.0	7.952569169960475	3.4782608695652173	0.9565217391304348	0.4031620553359684	0.2134387351778656	0.08695652173913043	0.007905138339920948	0.015810276679841896	0.007905138339920948	0.0	0.0	0.0	0.0	0.0	0.0	0.0	0.0	0.0	0.0	0.0	0.0	0.0	0.0	0.0	0.0	0.0	0.0	0.0	0.0	0.0	0.0	0.0	0.0	0.0	0.0	0.0	0.0	0.0	0.0	0.0	0.0	0.0	0.0	0.009872877750280458	0.0	0.005228232491659167	0.005391526057291183	0.0031507960520494867	0.0023798733287982744	0.0024817607848523424	0.0021785039056119444	0.0003205634860310153	0.0015918851785193314	0.0011607745226108453	0.0	0.0	0.0	0.0	0.0	0.0	0.0	0.0	0.0	0.0	0.0	0.0	0.0	0.0	0.0	0.0																																					
gf388c3	HDR20211211005752	2021-12-11 00:57:52	222.5	88.0	0.0	0.0	0.0	0.0	0.0	0.0	0.0	0.0	0.0	0.0	0.0	0.0	0.0	0.0	0.0	0.0	0.0	0.0	51.11363636363637	0.0	7.261363636363637	4.113636363636363	0.8522727272727273	0.42045454545454547	0.32954545454545453	0.07954545454545454	0.056818181818181816	0.0	0.0	0.0	0.0	0.0	0.0	0.0	0.0	0.0	0.0	0.0	0.0	0.0	0.0	0.0	0.0	0.0	0.0	0.0	0.0	0.0	0.0	0.0	0.0	0.0	0.0	0.0	0.0	0.0	0.0	0.0	0.0	0.0	0.0	0.0	0.0	0.010841846709170289	0.0	0.004773815415625918	0.00639536705262303	0.002846056708596945	0.0026130670028101538	0.003904799555121458	0.0019410929849241192	0.002401408122846948	0.0	0.0	0.0	0.0	0.0	0.0	0.0	0.0	0.0	0.0	0.0	0.0	0.0	0.0	0.0	0.0	0.0	0.0																																					
gf388c3	HDR20211211005752	2021-12-11 00:57:52	227.5	71.5	0.0	0.0	0.0	0.0	0.0	0.0	0.0	0.0	0.0	0.0	0.0	0.0	0.0	0.0	0.0	0.0	0.0	0.0	51.06293706293706	0.0	7.118881118881119	3.4965034965034967	0.9370629370629371	0.5314685314685315	0.2517482517482518	0.027972027972027972	0.0	0.013986013986013986	0.0	0.0	0.0	0.0	0.0	0.0	0.0	0.0	0.0	0.0	0.0	0.0	0.0	0.0	0.0	0.0	0.0	0.0	0.0	0.0	0.0	0.0	0.0	0.0	0.0	0.0	0.0	0.0	0.0	0.0	0.0	0.0	0.0	0.0	0.0	0.010831092748279432	0.0	0.00468014358310551	0.005352095556677067	0.0030751854135051045	0.0033029870152028705	0.0031155520276430135	0.0006962817778682004	0.0	0.0010753891626328822	0.0	0.0	0.0	0.0	0.0	0.0	0.0	0.0	0.0	0.0	0.0	0.0	0.0	0.0	0.0	0.0	0.0																																					
gf388c3	HDR20211211005752	2021-12-11 00:57:52	232.5	158.4	0.0	0.0	0.0	0.0	0.0	0.0	0.0	0.0	0.0	0.0	0.0	0.0	0.0	0.0	0.0	0.0	0.0	0.0	49.56439393939394	0.0	7.0391414141414135	3.6363636363636362	0.8522727272727273	0.46085858585858586	0.27146464646464646	0.15151515151515152	0.012626262626262626	0.01893939393939394	0.0	0.0	0.0	0.0	0.0	0.0	0.0	0.0	0.0	0.0	0.0	0.0	0.0	0.0	0.0	0.0	0.0	0.0	0.0	0.0	0.0	0.0	0.0	0.0	0.0	0.0	0.0	0.0	0.0	0.0	0.0	0.0	0.0	0.0	0.0	0.010513232858269838	0.0	0.004627720560270299	0.005664813720969449	0.00288455598743353	0.0027484494378999975	0.003308080347931615	0.0036641796188534113	0.0006756690192519645	0.001633672213746049	0.0	0.0	0.0	0.0	0.0	0.0	0.0	0.0	0.0	0.0	0.0	0.0	0.0	0.0	0.0	0.0	0.0																																					
gf388c3	HDR20211211005752	2021-12-11 00:57:52	237.5	113.3	0.0	0.0	0.0	0.0	0.0	0.0	0.0	0.0	0.0	0.0	0.0	0.0	0.0	0.0	0.0	0.0	0.0	0.0	59.029126213592235	0.0	7.6522506619594	3.7422771403353927	0.88261253309797	0.5560458958517212	0.2294792586054722	0.0529567519858782	0.0264783759929391	0.0	0.0	0.0	0.0	0.0	0.0	0.0	0.0	0.0	0.0	0.0	0.0	0.0	0.0	0.0	0.0	0.0	0.0	0.0	0.0	0.0	0.0	0.0	0.0	0.0	0.0	0.0	0.0	0.0	0.0	0.0	0.0	0.0	0.0	0.0	0.0	0.012520821904178496	0.0	0.0050307950412175235	0.005832990362315217	0.0029473726432071926	0.00337419362325659	0.0028049374821492723	0.0013434073931023873	0.001250326712733433	0.0	0.0	0.0	0.0	0.0	0.0	0.0	0.0	0.0	0.0	0.0	0.0	0.0	0.0	0.0	0.0	0.0	0.0																																					
gf388c3	HDR20211211005752	2021-12-11 00:57:52	242.5	135.3	0.0	0.0	0.0	0.0	0.0	0.0	0.0	0.0	0.0	0.0	0.0	0.0	0.0	0.0	0.0	0.0	0.0	0.0	61.803399852180334	0.0	8.18920916481892	4.3311160384331115	1.0790835181079084	0.45084996304508496	0.303030303030303	0.05912786400591278	0.022172949002217293	0.0	0.022172949002217293	0.0	0.0	0.0	0.0	0.0	0.0	0.0	0.0	0.0	0.0	0.0	0.0	0.0	0.0	0.0	0.0	0.0	0.0	0.0	0.0	0.0	0.0	0.0	0.0	0.0	0.0	0.0	0.0	0.0	0.0	0.0	0.0	0.0	0.0	0.01310928032073253	0.0	0.005383805977850062	0.006872863860666795	0.003630505981926655	0.002720789996464501	0.00326307087535147	0.0014222202471969778	0.0013280365004336356	0.0	0.004687898200659324	0.0	0.0	0.0	0.0	0.0	0.0	0.0	0.0	0.0	0.0	0.0	0.0	0.0	0.0	0.0	0.0																																					
gf388c3	HDR20211211005752	2021-12-11 00:57:52	247.5	149.6	0.0	0.0	0.0	0.0	0.0	0.0	0.0	0.0	0.0	0.0	0.0	0.0	0.0	0.0	0.0	0.0	0.0	0.0	66.08288770053476	0.0	8.028074866310162	4.10427807486631	0.7553475935828877	0.4077540106951872	0.21390374331550802	0.06684491978609626	0.020053475935828877	0.0	0.0	0.0	0.0	0.0	0.0	0.0	0.0	0.0	0.0	0.0	0.0	0.0	0.0	0.0	0.0	0.0	0.0	0.0	0.0	0.0	0.0	0.0	0.0	0.0	0.0	0.0	0.0	0.0	0.0	0.0	0.0	0.0	0.0	0.0	0.0	0.014017013648792596	0.0	0.005277871963699465	0.006454380495678144	0.002534616696975189	0.0025206220165595026	0.002619955979855018	0.001743443724572445	0.0008163071251817123	0.0	0.0	0.0	0.0	0.0	0.0	0.0	0.0	0.0	0.0	0.0	0.0	0.0	0.0	0.0	0.0	0.0	0.0																																					
gf388c3	HDR20211211005752	2021-12-11 00:57:52	252.5	119.9	0.0	0.0	0.0	0.0	0.0	0.0	0.0	0.0	0.0	0.0	0.0	0.0	0.0	0.0	0.0	0.0	0.0	0.0	73.90325271059216	0.0	8.131776480400333	4.470391993327773	1.1259382819015846	0.5421184320266889	0.32527105921601335	0.09174311926605504	0.0500417014178482	0.0250208507089241	0.008340283569641367	0.0	0.0	0.0	0.0	0.0	0.0	0.0	0.0	0.0	0.0	0.0	0.0	0.0	0.0	0.0	0.0	0.0	0.0	0.0	0.0	0.0	0.0	0.0	0.0	0.0	0.0	0.0	0.0	0.0	0.0	0.0	0.0	0.0	0.0	0.015675811665932328	0.0	0.005346048189097379	0.0070077715173274165	0.003675159074469538	0.0033548398577673342	0.003948196898187193	0.002203480099014696	0.002636293244093566	0.002598957518242938	0.0017314176726625952	0.0	0.0	0.0	0.0	0.0	0.0	0.0	0.0	0.0	0.0	0.0	0.0	0.0	0.0	0.0	0.0																																					
gf388c3	HDR20211211005752	2021-12-11 00:57:52	257.5	149.6	0.0	0.0	0.0	0.0	0.0	0.0	0.0	0.0	0.0	0.0	0.0	0.0	0.0	0.0	0.0	0.0	0.0	0.0	69.3783422459893	0.0	8.850267379679146	4.6189839572192515	1.036096256684492	0.47459893048128343	0.18716577540106952	0.14037433155080214	0.03342245989304813	0.0	0.0	0.0	0.0	0.0	0.0	0.0	0.0	0.0	0.0	0.0	0.0	0.0	0.0	0.0	0.0	0.0	0.0	0.0	0.0	0.0	0.0	0.0	0.0	0.0	0.0	0.0	0.0	0.0	0.0	0.0	0.0	0.0	0.0	0.0	0.0	0.014716021106698196	0.0	0.0058184033971174776	0.007212273169393744	0.0033783841925227333	0.0028353188552645656	0.002213444190118634	0.0034216694813533613	0.0014894558011133796	0.0	0.0	0.0	0.0	0.0	0.0	0.0	0.0	0.0	0.0	0.0	0.0	0.0	0.0	0.0	0.0	0.0	0.0																																					
gf388c3	HDR20211211005752	2021-12-11 00:57:52	262.5	141.9	0.0	0.0	0.0	0.0	0.0	0.0	0.0	0.0	0.0	0.0	0.0	0.0	0.0	0.0	0.0	0.0	0.0	0.0	77.00493305144468	0.0	8.090204369274137	4.263565891472868	0.8738548273431994	0.5708245243128964	0.21846370683579985	0.07751937984496124	0.035236081747709654	0.01409443269908386	0.0	0.0	0.0	0.0	0.0	0.0	0.0	0.0	0.0	0.0	0.0	0.0	0.0	0.0	0.0	0.0	0.0	0.0	0.0	0.0	0.0	0.0	0.0	0.0	0.0	0.0	0.0	0.0	0.0	0.0	0.0	0.0	0.0	0.0	0.0	0.016333717171952908	0.0	0.005318717567069238	0.006643098619389104	0.00282787792302511	0.0034974002889419814	0.0025550008405313455	0.0018213538791139237	0.001859120280938748	0.0016900894206646716	0.0	0.0	0.0	0.0	0.0	0.0	0.0	0.0	0.0	0.0	0.0	0.0	0.0	0.0	0.0	0.0	0.0																																					
gf388c3	HDR20211211005752	2021-12-11 00:57:52	267.5	117.7	0.0	0.0	0.0	0.0	0.0	0.0	0.0	0.0	0.0	0.0	0.0	0.0	0.0	0.0	0.0	0.0	0.0	0.0	73.49192863211555	0.0	8.181818181818182	4.468988954970263	1.112999150382328	0.4672897196261682	0.27187765505522515	0.07646559048428207	0.016992353440951572	0.0	0.0	0.0	0.0	0.0	0.0	0.0	0.0	0.0	0.0	0.0	0.0	0.0	0.0	0.0	0.0	0.0	0.0	0.0	0.0	0.0	0.0	0.0	0.0	0.0	0.0	0.0	0.0	0.0	0.0	0.0	0.0	0.0	0.0	0.0	0.0	0.015588564642947934	0.0	0.005378946947184133	0.0069980689758329375	0.0036614532852209994	0.002727815493350119	0.0030757747754653814	0.0016742679127247826	0.0007812781517803219	0.0	0.0	0.0	0.0	0.0	0.0	0.0	0.0	0.0	0.0	0.0	0.0	0.0	0.0	0.0	0.0	0.0	0.0																																					
gf388c3	HDR20211211005752	2021-12-11 00:57:52	272.5	154.0	0.0	0.0	0.0	0.0	0.0	0.0	0.0	0.0	0.0	0.0	0.0	0.0	0.0	0.0	0.0	0.0	0.0	0.0	65.72077922077922	0.0	7.623376623376624	4.201298701298701	1.1753246753246753	0.577922077922078	0.3116883116883117	0.09740259740259741	0.025974025974025976	0.0	0.006493506493506494	0.0	0.0	0.0	0.0	0.0	0.0	0.0	0.0	0.0	0.0	0.0	0.0	0.0	0.0	0.0	0.0	0.0	0.0	0.0	0.0	0.0	0.0	0.0	0.0	0.0	0.0	0.0	0.0	0.0	0.0	0.0	0.0	0.0	0.0	0.013940205874803087	0.0	0.005011812473011247	0.006587625140437137	0.003928807653488312	0.0034262616409352093	0.0038812928640537844	0.0024737764870318255	0.0010775322707221363	0.0	0.0012839303518111013	0.0	0.0	0.0	0.0	0.0	0.0	0.0	0.0	0.0	0.0	0.0	0.0	0.0	0.0	0.0	0.0																																					
gf388c3	HDR20211211005752	2021-12-11 00:57:52	277.5	101.2	0.0	0.0	0.0	0.0	0.0	0.0	0.0	0.0	0.0	0.0	0.0	0.0	0.0	0.0	0.0	0.0	0.0	0.0	62.33201581027668	0.0	7.944664031620553	4.189723320158103	1.116600790513834	0.6521739130434783	0.21739130434782608	0.10869565217391304	0.039525691699604744	0.009881422924901186	0.0	0.0	0.0	0.0	0.0	0.0	0.0	0.0	0.0	0.0	0.0	0.0	0.0	0.0	0.0	0.0	0.0	0.0	0.0	0.0	0.0	0.0	0.0	0.0	0.0	0.0	0.0	0.0	0.0	0.0	0.0	0.0	0.0	0.0	0.0	0.01322140643019046	0.0	0.005223035441468651	0.006530413123026818	0.003676521651566079	0.0039302017983541175	0.0025899642114452608	0.002547308324587248	0.0018294153832974095	0.0009709715178170642	0.0	0.0	0.0	0.0	0.0	0.0	0.0	0.0	0.0	0.0	0.0	0.0	0.0	0.0	0.0	0.0	0.0																																					
gf388c3	HDR20211211005752	2021-12-11 00:57:52	282.5	134.2	0.0	0.0	0.0	0.0	0.0	0.0	0.0	0.0	0.0	0.0	0.0	0.0	0.0	0.0	0.0	0.0	0.0	0.0	60.357675111773474	0.0	7.488822652757079	4.076005961251863	1.1326378539493294	0.6035767511177348	0.3055141579731744	0.11177347242921014	0.05216095380029807	0.0	0.0	0.0	0.0	0.0	0.0	0.0	0.0	0.0	0.0	0.0	0.0	0.0	0.0	0.0	0.0	0.0	0.0	0.0	0.0	0.0	0.0	0.0	0.0	0.0	0.0	0.0	0.0	0.0	0.0	0.0	0.0	0.0	0.0	0.0	0.0	0.01280262387571589	0.0	0.0049233530800729085	0.006365482168892156	0.0037383734541513555	0.003582177642673563	0.003712366615457467	0.002634091896860617	0.0024123351419079783	0.0	0.0	0.0	0.0	0.0	0.0	0.0	0.0	0.0	0.0	0.0	0.0	0.0	0.0	0.0	0.0	0.0	0.0																																					
gf388c3	HDR20211211005752	2021-12-11 00:57:52	287.5	169.4	0.0	0.0	0.0	0.0	0.0	0.0	0.0	0.0	0.0	0.0	0.0	0.0	0.0	0.0	0.0	0.0	0.0	0.0	53.913813459268006	0.0	7.585596221959858	4.279811097992916	1.1334120425029515	0.5903187721369539	0.24203069657615112	0.047225501770956316	0.017709563164108617	0.0059031877213695395	0.0059031877213695395	0.0	0.0	0.0	0.0	0.0	0.0	0.0	0.0	0.0	0.0	0.0	0.0	0.0	0.0	0.0	0.0	0.0	0.0	0.0	0.0	0.0	0.0	0.0	0.0	0.0	0.0	0.0	0.0	0.0	0.0	0.0	0.0	0.0	0.0	0.011435799575551873	0.0	0.00498697462275008	0.006719662608918925	0.0037620862317581678	0.0036105959028450716	0.002711841404641275	0.0012000489312704002	0.0012056800199736308	0.0004946186825055799	0.0008926802732832974	0.0	0.0	0.0	0.0	0.0	0.0	0.0	0.0	0.0	0.0	0.0	0.0	0.0	0.0	0.0	0.0																																					
gf388c3	HDR20211211005752	2021-12-11 00:57:52	292.5	99.0	0.0	0.0	0.0	0.0	0.0	0.0	0.0	0.0	0.0	0.0	0.0	0.0	0.0	0.0	0.0	0.0	0.0	0.0	59.717171717171716	0.0	6.818181818181818	3.8484848484848486	0.9595959595959596	0.47474747474747475	0.20202020202020202	0.050505050505050504	0.010101010101010102	0.04040404040404041	0.010101010101010102	0.0	0.0	0.0	0.0	0.0	0.0	0.0	0.0	0.0	0.0	0.0	0.0	0.0	0.0	0.0	0.0	0.0	0.0	0.0	0.0	0.0	0.0	0.0	0.0	0.0	0.0	0.0	0.0	0.0	0.0	0.0	0.0	0.0	0.0	0.012666765030307742	0.0	0.004482455789320112	0.00601413911216591	0.0031531166630825946	0.0028586681787442585	0.0023715315539011394	0.0012225145440686242	0.0005515605255442308	0.0034347146932558526	0.0016175055314866821	0.0	0.0	0.0	0.0	0.0	0.0	0.0	0.0	0.0	0.0	0.0	0.0	0.0	0.0	0.0	0.0																																					
gf388c3	HDR20211211005752	2021-12-11 00:57:52	297.5	150.7	0.0	0.0	0.0	0.0	0.0	0.0	0.0	0.0	0.0	0.0	0.0	0.0	0.0	0.0	0.0	0.0	0.0	0.0	47.478433974784345	0.0	6.522893165228933	3.9150630391506307	1.2076974120769741	0.5640345056403451	0.29197080291970806	0.07962840079628401	0.026542800265428004	0.0	0.006635700066357001	0.0	0.0	0.0	0.0	0.0	0.0	0.0	0.0	0.0	0.0	0.0	0.0	0.0	0.0	0.0	0.0	0.0	0.0	0.0	0.0	0.0	0.0	0.0	0.0	0.0	0.0	0.0	0.0	0.0	0.0	0.0	0.0	0.0	0.0	0.010070774450167753	0.0	0.004288325100634228	0.00610302417392977	0.003946624067423513	0.0033261273189872445	0.0033579245721627685	0.0020775509294464417	0.0013231092700845889	0.0	0.0010034508181432688	0.0	0.0	0.0	0.0	0.0	0.0	0.0	0.0	0.0	0.0	0.0	0.0	0.0	0.0	0.0	0.0																																					
gf388c3	HDR20211211005752	2021-12-11 00:57:52	302.5	125.4	0.0	0.0	0.0	0.0	0.0	0.0	0.0	0.0	0.0	0.0	0.0	0.0	0.0	0.0	0.0	0.0	0.0	0.0	50.9170653907496	0.0	6.834130781499202	3.9074960127591707	1.1004784688995215	0.7416267942583732	0.31897926634768736	0.1036682615629984	0.023923444976076555	0.01594896331738437	0.007974481658692184	0.0	0.0	0.0	0.0	0.0	0.0	0.0	0.0	0.0	0.0	0.0	0.0	0.0	0.0	0.0	0.0	0.0	0.0	0.0	0.0	0.0	0.0	0.0	0.0	0.0	0.0	0.0	0.0	0.0	0.0	0.0	0.0	0.0	0.0	0.010800151527470655	0.0	0.0044929410660202755	0.006032099622364687	0.003584131064510493	0.004370507113704595	0.0039916811879070835	0.002628870719543782	0.0011531186794055904	0.0013381507963655243	0.0016953940833983631	0.0	0.0	0.0	0.0	0.0	0.0	0.0	0.0	0.0	0.0	0.0	0.0	0.0	0.0	0.0	0.0																																					
gf388c3	HDR20211211005752	2021-12-11 00:57:52	307.5	143.0	0.0	0.0	0.0	0.0	0.0	0.0	0.0	0.0	0.0	0.0	0.0	0.0	0.0	0.0	0.0	0.0	0.0	0.0	49.62937062937063	0.0	6.5524475524475525	3.923076923076923	0.965034965034965	0.6223776223776224	0.24475524475524477	0.07692307692307693	0.02097902097902098	0.0	0.0	0.0	0.0	0.0	0.0	0.0	0.0	0.0	0.0	0.0	0.0	0.0	0.0	0.0	0.0	0.0	0.0	0.0	0.0	0.0	0.0	0.0	0.0	0.0	0.0	0.0	0.0	0.0	0.0	0.0	0.0	0.0	0.0	0.0	0.0	0.010527015233434557	0.0	0.004307754948300455	0.006210622576521538	0.003171437477865448	0.0038086539193135927	0.0030896769751295517	0.001788443268854727	0.0009915242282654676	0.0	0.0	0.0	0.0	0.0	0.0	0.0	0.0	0.0	0.0	0.0	0.0	0.0	0.0	0.0	0.0	0.0	0.0																																					
gf388c3	HDR20211211005752	2021-12-11 00:57:52	312.5	173.8	0.0	0.0	0.0	0.0	0.0	0.0	0.0	0.0	0.0	0.0	0.0	0.0	0.0	0.0	0.0	0.0	0.0	0.0	44.70080552359033	0.0	6.536248561565017	4.021864211737629	1.0184119677790564	0.5293440736478711	0.24741081703107018	0.06904487917146145	0.04602991944764096	0.01726121979286536	0.0	0.00575373993095512	0.0	0.0	0.0	0.0	0.0	0.0	0.0	0.0	0.0	0.0	0.0	0.0	0.0	0.0	0.0	0.0	0.0	0.0	0.0	0.0	0.0	0.0	0.0	0.0	0.0	0.0	0.0	0.0	0.0	0.0	0.0	0.0	0.0	0.009481604435562806	0.0	0.004297105296765946	0.006372110266642021	0.0034371151852783995	0.003199437684920744	0.002824620100243975	0.0018596511085361984	0.002034318564594592	0.0017196272242204263	0.0	0.0030181478105577213	0.0	0.0	0.0	0.0	0.0	0.0	0.0	0.0	0.0	0.0	0.0	0.0	0.0	0.0	0.0																																					
gf388c3	HDR20211211005752	2021-12-11 00:57:52	317.5	69.3	0.0	0.0	0.0	0.0	0.0	0.0	0.0	0.0	0.0	0.0	0.0	0.0	0.0	0.0	0.0	0.0	0.0	0.0	39.23520923520924	0.0	6.363636363636364	3.492063492063492	0.9090909090909092	0.5050505050505051	0.3174603174603175	0.10101010101010101	0.02886002886002886	0.0	0.0	0.0	0.0	0.0	0.0	0.0	0.0	0.0	0.0	0.0	0.0	0.0	0.0	0.0	0.0	0.0	0.0	0.0	0.0	0.0	0.0	0.0	0.0	0.0	0.0	0.0	0.0	0.0	0.0	0.0	0.0	0.0	0.0	0.0	0.0	0.008322282553017287	0.0	0.004183625403365437	0.005617284572226495	0.0030035277602403656	0.0027628472248822896	0.003718249049914934	0.0024809828507649655	0.0010958640594895639	0.0	0.0	0.0	0.0	0.0	0.0	0.0	0.0	0.0	0.0	0.0	0.0	0.0	0.0	0.0	0.0	0.0	0.0																																					
gf388c3	HDR20211211005752	2021-12-11 00:57:52	322.5	99.0	0.0	0.0	0.0	0.0	0.0	0.0	0.0	0.0	0.0	0.0	0.0	0.0	0.0	0.0	0.0	0.0	0.0	0.0	41.56565656565657	0.0	6.262626262626263	3.7474747474747474	0.8282828282828283	0.5656565656565656	0.29292929292929293	0.0707070707070707	0.06060606060606061	0.0	0.0	0.0	0.0	0.0	0.010101010101010102	0.0	0.0	0.0	0.0	0.0	0.0	0.0	0.0	0.0	0.0	0.0	0.0	0.0	0.0	0.0	0.0	0.0	0.0	0.0	0.0	0.0	0.0	0.0	0.0	0.0	0.0	0.0	0.0	0.0	0.0	0.008816599813889776	0.0	0.004117218650931066	0.005769757284047204	0.002819331149378726	0.00337240659702466	0.0035106830076440374	0.0019508084883638362	0.002683516546837525	0.0	0.0	0.0	0.0	0.0	0.03211764371735725	0.0	0.0	0.0	0.0	0.0	0.0	0.0	0.0	0.0	0.0	0.0	0.0																																					
gf388c3	HDR20211211005752	2021-12-11 00:57:52	327.5	121.0	0.0	0.0	0.0	0.0	0.0	0.0	0.0	0.0	0.0	0.0	0.0	0.0	0.0	0.0	0.0	0.0	0.0	0.0	44.65289256198347	0.0	6.024793388429752	3.479338842975207	1.0578512396694215	0.4214876033057851	0.1487603305785124	0.04132231404958678	0.008264462809917356	0.0	0.008264462809917356	0.0	0.0	0.0	0.0	0.0	0.0	0.0	0.0	0.0	0.0	0.0	0.0	0.0	0.0	0.0	0.0	0.0	0.0	0.0	0.0	0.0	0.0	0.0	0.0	0.0	0.0	0.0	0.0	0.0	0.0	0.0	0.0	0.0	0.0	0.009471441492323388	0.0	0.003960860933835589	0.005398660595285966	0.003564479486457572	0.002558750011309335	0.0018508341879244913	0.0011341193029309592	0.00047608379335097137	0.0	0.0020131729908076036	0.0	0.0	0.0	0.0	0.0	0.0	0.0	0.0	0.0	0.0	0.0	0.0	0.0	0.0	0.0	0.0																																					
gf388c3	HDR20211211005752	2021-12-11 00:57:52	332.5	75.9	0.0	0.0	0.0	0.0	0.0	0.0	0.0	0.0	0.0	0.0	0.0	0.0	0.0	0.0	0.0	0.0	0.0	0.0	56.02108036890645	0.0	6.521739130434782	4.097496706192358	1.054018445322793	0.5665349143610012	0.303030303030303	0.0	0.013175230566534914	0.0	0.0	0.0	0.0	0.0	0.0	0.0	0.0	0.0	0.0	0.0	0.0	0.0	0.0	0.0	0.0	0.0	0.0	0.0	0.0	0.0	0.0	0.0	0.0	0.0	0.0	0.0	0.0	0.0	0.0	0.0	0.0	0.0	0.0	0.0	0.0	0.011882777455330762	0.0	0.004287566407175758	0.006417929925059471	0.0035733251676606497	0.0032588080750622847	0.003679717999050404	0.0	0.0004662990558590691	0.0	0.0	0.0	0.0	0.0	0.0	0.0	0.0	0.0	0.0	0.0	0.0	0.0	0.0	0.0	0.0	0.0	0.0																																					
gf388c3	HDR20211211005752	2021-12-11 00:57:52	337.5	81.4	0.0	0.0	0.0	0.0	0.0	0.0	0.0	0.0	0.0	0.0	0.0	0.0	0.0	0.0	0.0	0.0	0.0	0.0	55.945945945945944	0.0	5.982800982800982	3.82063882063882	1.1056511056511056	0.5405405405405405	0.33169533169533166	0.06142506142506142	0.012285012285012284	0.0	0.0	0.0	0.0	0.0	0.0	0.0	0.0	0.0	0.0	0.0	0.0	0.0	0.0	0.0	0.0	0.0	0.0	0.0	0.0	0.0	0.0	0.0	0.0	0.0	0.0	0.0	0.0	0.0	0.0	0.0	0.0	0.0	0.0	0.0	0.0	0.011866840496932329	0.0	0.003933253998916925	0.006012423779674856	0.0036672091708263594	0.0032238025481884764	0.004113140944161761	0.001356188676838646	0.0005311027897065432	0.0	0.0	0.0	0.0	0.0	0.0	0.0	0.0	0.0	0.0	0.0	0.0	0.0	0.0	0.0	0.0	0.0	0.0																																					
gf388c3	HDR20211211005752	2021-12-11 00:57:52	342.5	167.2	0.0	0.0	0.0	0.0	0.0	0.0	0.0	0.0	0.0	0.0	0.0	0.0	0.0	0.0	0.0	0.0	0.0	0.0	61.49521531100479	0.0	7.08732057416268	4.019138755980862	1.0406698564593302	0.5382775119617226	0.20933014354066987	0.04784688995215311	0.011961722488038277	0.005980861244019139	0.005980861244019139	0.005980861244019139	0.0	0.0	0.0	0.0	0.0	0.0	0.0	0.0	0.0	0.0	0.0	0.0	0.0	0.0	0.0	0.0	0.0	0.0	0.0	0.0	0.0	0.0	0.0	0.0	0.0	0.0	0.0	0.0	0.0	0.0	0.0	0.0	0.0	0.013043910493984335	0.0	0.004659394833635379	0.006326559009780519	0.0034593800665538824	0.0032095504358921933	0.002429010400569116	0.0012490999251673306	0.0004233504586088917	0.0004598703655995878	0.0013940332041518814	0.0020334427268999694	0.0	0.0	0.0	0.0	0.0	0.0	0.0	0.0	0.0	0.0	0.0	0.0	0.0	0.0	0.0																																					
gf388c3	HDR20211211005752	2021-12-11 00:57:52	347.5	75.9	0.0	0.0	0.0	0.0	0.0	0.0	0.0	0.0	0.0	0.0	0.0	0.0	0.0	0.0	0.0	0.0	0.0	0.0	72.64822134387352	0.0	7.088274044795783	4.110671936758893	1.185770750988142	0.5533596837944663	0.25032938076416333	0.06587615283267456	0.052700922266139656	0.0	0.0	0.0	0.0	0.0	0.0	0.0	0.0	0.0	0.0	0.0	0.0	0.0	0.0	0.0	0.0	0.0	0.0	0.0	0.0	0.0	0.0	0.0	0.0	0.0	0.0	0.0	0.0	0.0	0.0	0.0	0.0	0.0	0.0	0.0	0.0	0.015409603689721026	0.0	0.00466002167082941	0.00649507092148443	0.00397312212633891	0.0032950200884475657	0.0031085681964911436	0.0014603780392229253	0.0024056813550554852	0.0	0.0	0.0	0.0	0.0	0.0	0.0	0.0	0.0	0.0	0.0	0.0	0.0	0.0	0.0	0.0	0.0	0.0																																					
gf388c3	HDR20211211005752	2021-12-11 00:57:52	352.5	154.0	0.0	0.0	0.0	0.0	0.0	0.0	0.0	0.0	0.0	0.0	0.0	0.0	0.0	0.0	0.0	0.0	0.0	0.0	70.1038961038961	0.0	7.181818181818182	3.720779220779221	1.0064935064935066	0.6493506493506493	0.2857142857142857	0.05844155844155844	0.05194805194805195	0.01948051948051948	0.0	0.0	0.0	0.0	0.0	0.0	0.0	0.0	0.0	0.0	0.0	0.0	0.0	0.0	0.0	0.0	0.0	0.0	0.0	0.0	0.0	0.0	0.0	0.0	0.0	0.0	0.0	0.0	0.0	0.0	0.0	0.0	0.0	0.0	0.0	0.014869920227682454	0.0	0.004721520098083851	0.005950572195921487	0.0033544575699710737	0.0038973990770065905	0.0032632647894562544	0.0013907806326302226	0.0022042923920730737	0.001678144811866178	0.0	0.0	0.0	0.0	0.0	0.0	0.0	0.0	0.0	0.0	0.0	0.0	0.0	0.0	0.0	0.0	0.0																																					
gf388c3	HDR20211211005752	2021-12-11 00:57:52	357.5	105.6	0.0	0.0	0.0	0.0	0.0	0.0	0.0	0.0	0.0	0.0	0.0	0.0	0.0	0.0	0.0	0.0	0.0	0.0	74.16666666666667	0.0	7.045454545454546	4.043560606060606	1.1174242424242424	0.5587121212121212	0.20833333333333334	0.05681818181818182	0.01893939393939394	0.00946969696969697	0.0	0.00946969696969697	0.0	0.0	0.0	0.0	0.0	0.0	0.0	0.0	0.0	0.0	0.0	0.0	0.0	0.0	0.0	0.0	0.0	0.0	0.0	0.0	0.0	0.0	0.0	0.0	0.0	0.0	0.0	0.0	0.0	0.0	0.0	0.0	0.0	0.015731685087116812	0.0	0.004631870982297448	0.006374038946761982	0.003642948232169627	0.003303023652780758	0.002413190995716705	0.0015041792737926823	0.0006944111611779656	0.0007934508031860344	0.0	0.002668374443508481	0.0	0.0	0.0	0.0	0.0	0.0	0.0	0.0	0.0	0.0	0.0	0.0	0.0	0.0	0.0																																					
gf388c3	HDR20211211005752	2021-12-11 00:57:52	362.5	70.4	0.0	0.0	0.0	0.0	0.0	0.0	0.0	0.0	0.0	0.0	0.0	0.0	0.0	0.0	0.0	0.0	0.0	0.0	83.69318181818181	0.0	6.8039772727272725	4.573863636363636	1.0795454545454544	0.5397727272727272	0.2698863636363636	0.11363636363636363	0.04261363636363636	0.0	0.0	0.0	0.0	0.0	0.0	0.0	0.0	0.0	0.0	0.0	0.0	0.0	0.0	0.0	0.0	0.0	0.0	0.0	0.0	0.0	0.0	0.0	0.0	0.0	0.0	0.0	0.0	0.0	0.0	0.0	0.0	0.0	0.0	0.0	0.0	0.017752379060257707	0.0	0.004473117339759027	0.007324470753154458	0.0036136675019610284	0.00311755536561561	0.0032230567836870317	0.0031872385294030503	0.001617629255728929	0.0	0.0	0.0	0.0	0.0	0.0	0.0	0.0	0.0	0.0	0.0	0.0	0.0	0.0	0.0	0.0	0.0	0.0																																					
gf388c3	HDR20211211005752	2021-12-11 00:57:52	367.5	124.3	0.0	0.0	0.0	0.0	0.0	0.0	0.0	0.0	0.0	0.0	0.0	0.0	0.0	0.0	0.0	0.0	0.0	0.0	78.25422365245375	0.0	6.870474658085278	3.9581657280772324	1.2228479485116655	0.5068382944489139	0.2815768302493966	0.06436041834271923	0.016090104585679808	0.008045052292839904	0.0	0.0	0.0	0.0	0.0	0.0	0.0	0.0	0.0	0.0	0.0	0.0	0.0	0.0	0.0	0.0	0.0	0.0	0.0	0.0	0.0	0.0	0.0	0.0	0.0	0.0	0.0	0.0	0.0	0.0	0.0	0.0	0.0	0.0	0.0	0.016598707459378113	0.0	0.004516834506288348	0.006327100649477042	0.004068827364378563	0.003030880191794774	0.003411613813465996	0.0016056777538266398	0.000748175682503386	0.0006740820982819407	0.0	0.0	0.0	0.0	0.0	0.0	0.0	0.0	0.0	0.0	0.0	0.0	0.0	0.0	0.0	0.0	0.0																																					
gf388c3	HDR20211211005752	2021-12-11 00:57:52	372.5	145.2	0.0	0.0	0.0	0.0	0.0	0.0	0.0	0.0	0.0	0.0	0.0	0.0	0.0	0.0	0.0	0.0	0.0	0.0	70.08264462809917	0.0	7.100550964187328	3.9531680440771355	1.356749311294766	0.6404958677685951	0.2548209366391185	0.05509641873278237	0.006887052341597796	0.0	0.0	0.0	0.0	0.0	0.0	0.0	0.0	0.0	0.0	0.0	0.0	0.0	0.0	0.0	0.0	0.0	0.0	0.0	0.0	0.0	0.0	0.0	0.0	0.0	0.0	0.0	0.0	0.0	0.0	0.0	0.0	0.0	0.0	0.0	0.0	0.0148654125217291	0.0	0.004668092847261652	0.006251633348679571	0.004574091482757996	0.003800781139253006	0.0029935386178176603	0.001298719440057971	0.00029773944271427425	0.0	0.0	0.0	0.0	0.0	0.0	0.0	0.0	0.0	0.0	0.0	0.0	0.0	0.0	0.0	0.0	0.0	0.0																																					
gf388c3	HDR20211211005752	2021-12-11 00:57:52	377.5	119.9	0.0	0.0	0.0	0.0	0.0	0.0	0.0	0.0	0.0	0.0	0.0	0.0	0.0	0.0	0.0	0.0	0.0	0.0	61.334445371142614	0.0	7.306088407005838	4.020016680567139	1.109257714762302	0.6255212677231026	0.3336113427856547	0.06672226855713094	0.016680567139282735	0.016680567139282735	0.0	0.0	0.0	0.0	0.0	0.0	0.0	0.0	0.0	0.0	0.0	0.0	0.0	0.0	0.0	0.0	0.0	0.0	0.0	0.0	0.0	0.0	0.0	0.0	0.0	0.0	0.0	0.0	0.0	0.0	0.0	0.0	0.0	0.0	0.0	0.013009809162765642	0.0	0.004803218680665954	0.006395710078843064	0.0036431917707338657	0.003695918629677789	0.004065490700702737	0.0017010209233909968	0.0011172513518218307	0.0012825742306630703	0.0	0.0	0.0	0.0	0.0	0.0	0.0	0.0	0.0	0.0	0.0	0.0	0.0	0.0	0.0	0.0	0.0																																					
gf388c3	HDR20211211005752	2021-12-11 00:57:52	382.5	57.2	0.0	0.0	0.0	0.0	0.0	0.0	0.0	0.0	0.0	0.0	0.0	0.0	0.0	0.0	0.0	0.0	0.0	0.0	62.06293706293706	0.0	7.185314685314685	4.003496503496503	1.0314685314685315	0.7167832167832168	0.36713286713286714	0.06993006993006992	0.03496503496503496	0.01748251748251748	0.0	0.0	0.0	0.0	0.0	0.0	0.0	0.0	0.0	0.0	0.0	0.0	0.0	0.0	0.0	0.0	0.0	0.0	0.0	0.0	0.0	0.0	0.0	0.0	0.0	0.0	0.0	0.0	0.0	0.0	0.0	0.0	0.0	0.0	0.0	0.013164331435357434	0.0	0.0047238187933604245	0.0063291079118508895	0.0034337970367779667	0.004344745582480327	0.004316202462438497	0.00136884494928141	0.0014647386025355954	0.0021973007396930123	0.0	0.0	0.0	0.0	0.0	0.0	0.0	0.0	0.0	0.0	0.0	0.0	0.0	0.0	0.0	0.0	0.0																																					
gf388c3	HDR20211211005752	2021-12-11 00:57:52	387.5	89.1	0.0	0.0	0.0	0.0	0.0	0.0	0.0	0.0	0.0	0.0	0.0	0.0	0.0	0.0	0.0	0.0	0.0	0.0	59.06846240179574	0.0	6.801346801346802	4.197530864197531	0.8978675645342312	0.7070707070707071	0.25813692480359146	0.03367003367003367	0.022446689113355782	0.011223344556677891	0.011223344556677891	0.0	0.0	0.0	0.0	0.0	0.0	0.0	0.0	0.0	0.0	0.0	0.0	0.0	0.0	0.0	0.0	0.0	0.0	0.0	0.0	0.0	0.0	0.0	0.0	0.0	0.0	0.0	0.0	0.0	0.0	0.0	0.0	0.0	0.0	0.01252916560564382	0.0	0.004471387997247716	0.006616548231849714	0.003043943661340554	0.004273332582953692	0.00307052987551754	0.000828356884666839	0.0010012344143028571	0.0009403861371093741	0.0017972283683185357	0.0	0.0	0.0	0.0	0.0	0.0	0.0	0.0	0.0	0.0	0.0	0.0	0.0	0.0	0.0	0.0																																					
gf388c3	HDR20211211005752	2021-12-11 00:57:52	392.5	77.0	0.0	0.0	0.0	0.0	0.0	0.0	0.0	0.0	0.0	0.0	0.0	0.0	0.0	0.0	0.0	0.0	0.0	0.0	50.701298701298704	0.0	6.636363636363637	3.7142857142857144	1.0389610389610389	0.5584415584415584	0.38961038961038963	0.1038961038961039	0.03896103896103896	0.0	0.0	0.0	0.0	0.0	0.0	0.0	0.0	0.0	0.0	0.0	0.0	0.0	0.0	0.0	0.0	0.0	0.0	0.0	0.0	0.0	0.0	0.0	0.0	0.0	0.0	0.0	0.0	0.0	0.0	0.0	0.0	0.0	0.0	0.0	0.0	0.010754384692269785	0.0	0.004362923634938241	0.0058629766365683325	0.0034562789015456378	0.0033955329590591747	0.0047265670749681	0.0024451259605045537	0.001801596762440713	0.0	0.0	0.0	0.0	0.0	0.0	0.0	0.0	0.0	0.0	0.0	0.0	0.0	0.0	0.0	0.0	0.0	0.0																																					
gf388c3	HDR20211211005752	2021-12-11 00:57:52	397.5	134.2	0.0	0.0	0.0	0.0	0.0	0.0	0.0	0.0	0.0	0.0	0.0	0.0	0.0	0.0	0.0	0.0	0.0	0.0	48.852459016393446	0.0	5.752608047690015	3.7853949329359167	1.1028315946348735	0.6408345752608048	0.20864381520119227	0.044709388971684055	0.01490312965722802	0.0	0.0	0.0	0.0	0.0	0.0	0.0	0.0	0.0	0.0	0.0	0.0	0.0	0.0	0.0	0.0	0.0	0.0	0.0	0.0	0.0	0.0	0.0	0.0	0.0	0.0	0.0	0.0	0.0	0.0	0.0	0.0	0.0	0.0	0.0	0.0	0.0103622224850856	0.0	0.0037819189829017773	0.005926924781730599	0.0036433834076368735	0.003975546163894314	0.0025162820485329046	0.0010162391043544651	0.0009059889014202505	0.0	0.0	0.0	0.0	0.0	0.0	0.0	0.0	0.0	0.0	0.0	0.0	0.0	0.0	0.0	0.0	0.0	0.0																																					
gf388c3	HDR20211211005752	2021-12-11 00:57:52	402.5	106.7	0.0	0.0	0.0	0.0	0.0	0.0	0.0	0.0	0.0	0.0	0.0	0.0	0.0	0.0	0.0	0.0	0.0	0.0	49.878163074039364	0.0	6.663542642924086	3.795688847235239	1.2277413308341143	0.4217432052483599	0.2155576382380506	0.09372071227741331	0.03748828491096532	0.00937207122774133	0.00937207122774133	0.0	0.0	0.00937207122774133	0.0	0.0	0.0	0.0	0.0	0.0	0.0	0.0	0.0	0.0	0.0	0.0	0.0	0.0	0.0	0.0	0.0	0.0	0.0	0.0	0.0	0.0	0.0	0.0	0.0	0.0	0.0	0.0	0.0	0.0	0.0	0.010579787247703084	0.0	0.004380791843582954	0.006110008918116996	0.004105601859414364	0.0025108133284804995	0.0026191274087189863	0.002213429284643878	0.001662905643912758	0.0006891087198968885	0.0019925250052310658	0.0	0.0	0.013713993325576398	0.0	0.0	0.0	0.0	0.0	0.0	0.0	0.0	0.0	0.0	0.0	0.0	0.0																																					
gf388c3	HDR20211211005752	2021-12-11 00:57:52	407.5	147.4	0.0	0.0	0.0	0.0	0.0	0.0	0.0	0.0	0.0	0.0	0.0	0.0	0.0	0.0	0.0	0.0	0.0	0.0	48.758480325644506	0.0	6.567164179104477	4.185888738127544	1.2211668928086838	0.7123473541383989	0.36635006784260515	0.06105834464043419	0.020352781546811395	0.006784260515603799	0.0	0.0	0.0	0.0	0.0	0.0	0.0	0.0	0.0	0.0	0.0	0.0	0.0	0.0	0.0	0.0	0.0	0.0	0.0	0.0	0.0	0.0	0.0	0.0	0.0	0.0	0.0	0.0	0.0	0.0	0.0	0.0	0.0	0.0	0.0	0.010342288419902293	0.0	0.004317430053792903	0.00675793311878804	0.00407103660715325	0.004302919914078137	0.004299468519784673	0.0016045365933582772	0.0009981896231888593	0.0007179791334778501	0.0	0.0	0.0	0.0	0.0	0.0	0.0	0.0	0.0	0.0	0.0	0.0	0.0	0.0	0.0	0.0	0.0																																					
gf388c3	HDR20211211005752	2021-12-11 00:57:52	412.5	139.7	0.0	0.0	0.0	0.0	0.0	0.0	0.0	0.0	0.0	0.0	0.0	0.0	0.0	0.0	0.0	0.0	0.0	0.0	43.29992841803866	0.0	5.461703650680029	3.335719398711525	1.0379384395132427	0.5941302791696493	0.19327129563350037	0.06442376521116679	0.03579098067287044	0.007158196134574088	0.007158196134574088	0.0	0.0	0.0	0.0	0.0	0.0	0.0	0.0	0.0	0.0	0.0	0.0	0.0	0.0	0.0	0.0	0.0	0.0	0.0	0.0	0.0	0.0	0.0	0.0	0.0	0.0	0.0	0.0	0.0	0.0	0.0	0.0	0.0	0.0	0.009184460739334169	0.0	0.0035906706217860842	0.00529957838294954	0.0034442374502894496	0.003617065241227755	0.002147670167326765	0.0015029495528261882	0.0016759644207533654	0.0005997738354792071	0.0016684491892211494	0.0	0.0	0.0	0.0	0.0	0.0	0.0	0.0	0.0	0.0	0.0	0.0	0.0	0.0	0.0	0.0																																					
gf388c3	HDR20211211005752	2021-12-11 00:57:52	417.5	125.4	0.0	0.0	0.0	0.0	0.0	0.0	0.0	0.0	0.0	0.0	0.0	0.0	0.0	0.0	0.0	0.0	0.0	0.0	43.60446570972886	0.0	5.789473684210526	3.54066985645933	0.9808612440191387	0.5422647527910686	0.2631578947368421	0.1036682615629984	0.007974481658692184	0.007974481658692184	0.0	0.0	0.007974481658692184	0.0	0.0	0.0	0.0	0.0	0.0	0.0	0.0	0.0	0.0	0.0	0.0	0.0	0.0	0.0	0.0	0.0	0.0	0.0	0.0	0.0	0.0	0.0	0.0	0.0	0.0	0.0	0.0	0.0	0.0	0.0	0.0	0.00924905693848231	0.0	0.0038061554421595324	0.005753436628680927	0.0032657356222581184	0.003298804291257457	0.0032666933670520847	0.0025880586240189752	0.00038907278554059803	0.0009376799861742439	0.0	0.0	0.005131028720585436	0.0	0.0	0.0	0.0	0.0	0.0	0.0	0.0	0.0	0.0	0.0	0.0	0.0	0.0																																					
gf388c3	HDR20211211005752	2021-12-11 00:57:52	422.5	150.7	0.0	0.0	0.0	0.0	0.0	0.0	0.0	0.0	0.0	0.0	0.0	0.0	0.0	0.0	0.0	0.0	0.0	0.0	46.44990046449901	0.0	6.098208360982084	3.5899137358991378	1.035169210351692	0.5839416058394161	0.24552090245520905	0.039814200398142006	0.019907100199071003	0.013271400132714002	0.0	0.006635700066357001	0.0	0.0	0.0	0.0	0.0	0.0	0.0	0.0	0.0	0.0	0.0	0.0	0.0	0.0	0.0	0.0	0.0	0.0	0.0	0.0	0.0	0.0	0.0	0.0	0.0	0.0	0.0	0.0	0.0	0.0	0.0	0.0	0.0	0.009852609524971946	0.0	0.004009125907917451	0.00560260288773799	0.0034473741645373907	0.003501763554429836	0.002825418204852349	0.0008614172145431328	0.0007908105269060345	0.0010208266907275126	0.0	0.0028867392452736782	0.0	0.0	0.0	0.0	0.0	0.0	0.0	0.0	0.0	0.0	0.0	0.0	0.0	0.0	0.0																																					
gf388c3	HDR20211211005752	2021-12-11 00:57:52	427.5	129.8	0.0	0.0	0.0	0.0	0.0	0.0	0.0	0.0	0.0	0.0	0.0	0.0	0.0	0.0	0.0	0.0	0.0	0.0	46.90292758089368	0.0	5.762711864406779	3.7057010785824342	0.9938366718027735	0.5161787365177195	0.20030816640986132	0.023112480739599383	0.023112480739599383	0.0	0.0	0.0	0.0	0.0	0.0	0.0	0.0	0.0	0.0	0.0	0.0	0.0	0.0	0.0	0.0	0.0	0.0	0.0	0.0	0.0	0.0	0.0	0.0	0.0	0.0	0.0	0.0	0.0	0.0	0.0	0.0	0.0	0.0	0.0	0.0	0.009948702288087167	0.0	0.003788561503289766	0.005903967157032672	0.0032671111638578353	0.0030319535729872705	0.0022242484032571896	0.0006713991038901042	0.0010415115989727002	0.0	0.0	0.0	0.0	0.0	0.0	0.0	0.0	0.0	0.0	0.0	0.0	0.0	0.0	0.0	0.0	0.0	0.0																																					
gf388c3	HDR20211211005752	2021-12-11 00:57:52	432.5	134.2	0.0	0.0	0.0	0.0	0.0	0.0	0.0	0.0	0.0	0.0	0.0	0.0	0.0	0.0	0.0	0.0	0.0	0.0	58.97168405365127	0.0	6.527570789865872	3.6810730253353205	1.0283159463487332	0.5737704918032788	0.22354694485842028	0.044709388971684055	0.00745156482861401	0.0	0.0	0.0	0.0	0.0	0.0	0.0	0.0	0.0	0.0	0.0	0.0	0.0	0.0	0.0	0.0	0.0	0.0	0.0	0.0	0.0	0.0	0.0	0.0	0.0	0.0	0.0	0.0	0.0	0.0	0.0	0.0	0.0	0.0	0.0	0.0	0.012508637697829079	0.0	0.004291400296660566	0.0058907146011592665	0.0034551368774040077	0.0033954533706992696	0.002588802744120561	0.0010863928108090079	0.0004068889122867277	0.0	0.0	0.0	0.0	0.0	0.0	0.0	0.0	0.0	0.0	0.0	0.0	0.0	0.0	0.0	0.0	0.0	0.0																																					
gf388c3	HDR20211211005752	2021-12-11 00:57:52	437.5	104.5	0.0	0.0	0.0	0.0	0.0	0.0	0.0	0.0	0.0	0.0	0.0	0.0	0.0	0.0	0.0	0.0	0.0	0.0	62.066985645933016	0.0	6.2009569377990434	3.626794258373206	1.138755980861244	0.5454545454545454	0.28708133971291866	0.009569377990430622	0.028708133971291867	0.019138755980861243	0.009569377990430622	0.0	0.0	0.0	0.0	0.0	0.0	0.0	0.0	0.0	0.0	0.0	0.0	0.0	0.0	0.0	0.0	0.0	0.0	0.0	0.0	0.0	0.0	0.0	0.0	0.0	0.0	0.0	0.0	0.0	0.0	0.0	0.0	0.0	0.0	0.01316519019085507	0.0	0.004076675581023764	0.005695137230762809	0.0038649784642863696	0.003257296386175197	0.003504218174631316	0.00020679633275051313	0.001433711446531165	0.0022549662057146347	0.002180804965588012	0.0	0.0	0.0	0.0	0.0	0.0	0.0	0.0	0.0	0.0	0.0	0.0	0.0	0.0	0.0	0.0																																					
gf388c3	HDR20211211005752	2021-12-11 00:57:52	442.5	99.0	0.0	0.0	0.0	0.0	0.0	0.0	0.0	0.0	0.0	0.0	0.0	0.0	0.0	0.0	0.0	0.0	0.0	0.0	68.44444444444444	0.0	6.595959595959596	3.6464646464646466	1.0	0.5050505050505051	0.21212121212121213	0.08080808080808081	0.030303030303030304	0.010101010101010102	0.010101010101010102	0.0	0.0	0.0	0.0	0.0	0.0	0.0	0.0	0.0	0.0	0.0	0.0	0.0	0.0	0.0	0.0	0.0	0.0	0.0	0.0	0.0	0.0	0.0	0.0	0.0	0.0	0.0	0.0	0.0	0.0	0.0	0.0	0.0	0.0	0.014517929608485327	0.0	0.004336360933964493	0.005725883109771951	0.0033742792175655866	0.0029626070341360828	0.0025238800859230595	0.002259714386087665	0.0014642797265676868	0.0008463475233984367	0.0021474991723045935	0.0	0.0	0.0	0.0	0.0	0.0	0.0	0.0	0.0	0.0	0.0	0.0	0.0	0.0	0.0	0.0																																					
gf388c3	HDR20211211005752	2021-12-11 00:57:52	447.5	96.8	0.0	0.0	0.0	0.0	0.0	0.0	0.0	0.0	0.0	0.0	0.0	0.0	0.0	0.0	0.0	0.0	0.0	0.0	67.5103305785124	0.0	6.435950413223141	3.522727272727273	0.8574380165289256	0.5681818181818182	0.24793388429752067	0.06198347107438017	0.02066115702479339	0.0	0.0	0.0	0.0	0.0	0.0	0.0	0.0	0.0	0.0	0.0	0.0	0.0	0.0	0.0	0.0	0.0	0.0	0.0	0.0	0.0	0.0	0.0	0.0	0.0	0.0	0.0	0.0	0.0	0.0	0.0	0.0	0.0	0.0	0.0	0.0	0.014319792280291815	0.0	0.004231166601130954	0.0056321934575514435	0.0027772071499175327	0.0033986889070188437	0.0028159558597401387	0.0017508224026197069	0.0010107051561052838	0.0	0.0	0.0	0.0	0.0	0.0	0.0	0.0	0.0	0.0	0.0	0.0	0.0	0.0	0.0	0.0	0.0	0.0																																					
gf388c3	HDR20211211005752	2021-12-11 00:57:52	452.5	133.1	0.0	0.0	0.0	0.0	0.0	0.0	0.0	0.0	0.0	0.0	0.0	0.0	0.0	0.0	0.0	0.0	0.0	0.0	73.32832456799399	0.0	6.408715251690459	3.6438767843726523	0.9391435011269722	0.39068369646882045	0.24042073628850488	0.015026296018031555	0.007513148009015778	0.015026296018031555	0.0	0.0	0.0	0.0	0.0	0.0	0.0	0.0	0.0	0.0	0.0	0.0	0.0	0.0	0.0	0.0	0.0	0.0	0.0	0.0	0.0	0.0	0.0	0.0	0.0	0.0	0.0	0.0	0.0	0.0	0.0	0.0	0.0	0.0	0.0	0.015553862158241423	0.0	0.004213261474699785	0.005635269932655556	0.0031208782018906605	0.002269086894575261	0.0026936712505282985	0.00035874089496522814	0.0002659060731758328	0.0012084962322950496	0.0	0.0	0.0	0.0	0.0	0.0	0.0	0.0	0.0	0.0	0.0	0.0	0.0	0.0	0.0	0.0	0.0																																					
gf388c3	HDR20211211005752	2021-12-11 00:57:52	457.5	70.4	0.0	0.0	0.0	0.0	0.0	0.0	0.0	0.0	0.0	0.0	0.0	0.0	0.0	0.0	0.0	0.0	0.0	0.0	70.68181818181817	0.0	7.002840909090908	4.133522727272727	0.9374999999999999	0.5113636363636364	0.22727272727272727	0.056818181818181816	0.014204545454545454	0.0	0.0	0.0	0.014204545454545454	0.0	0.0	0.0	0.0	0.0	0.0	0.0	0.0	0.0	0.0	0.0	0.0	0.0	0.0	0.0	0.0	0.0	0.0	0.0	0.0	0.0	0.0	0.0	0.0	0.0	0.0	0.0	0.0	0.0	0.0	0.0	0.0	0.014992504786802844	0.0	0.004603855633614197	0.0065790392866768585	0.0032259480945771887	0.0030991262959190434	0.002658703888215689	0.001423840680830119	0.0006140876005981906	0.0	0.0	0.0	0.008705034170344114	0.0	0.0	0.0	0.0	0.0	0.0	0.0	0.0	0.0	0.0	0.0	0.0	0.0	0.0																																					
gf388c3	HDR20211211005752	2021-12-11 00:57:52	462.5	107.8	0.0	0.0	0.0	0.0	0.0	0.0	0.0	0.0	0.0	0.0	0.0	0.0	0.0	0.0	0.0	0.0	0.0	0.0	83.12615955473099	0.0	7.374768089053804	4.174397031539889	1.0204081632653061	0.5287569573283859	0.22263450834879406	0.055658627087198514	0.027829313543599257	0.00927643784786642	0.00927643784786642	0.00927643784786642	0.0	0.0	0.0	0.0	0.0	0.0	0.0	0.0	0.0	0.0	0.0	0.0	0.0	0.0	0.0	0.0	0.0	0.0	0.0	0.0	0.0	0.0	0.0	0.0	0.0	0.0	0.0	0.0	0.0	0.0	0.0	0.0	0.0	0.017632106489210618	0.0	0.004848370547631957	0.006721198163814862	0.003435808862771522	0.0031432770684741208	0.002607737331727243	0.001426748660270837	0.0011558634940082367	0.0008433560736176779	0.002259683969273841	0.0034964609185756087	0.0	0.0	0.0	0.0	0.0	0.0	0.0	0.0	0.0	0.0	0.0	0.0	0.0	0.0	0.0																																					
gf388c3	HDR20211211005752	2021-12-11 00:57:52	467.5	144.1	0.0	0.0	0.0	0.0	0.0	0.0	0.0	0.0	0.0	0.0	0.0	0.0	0.0	0.0	0.0	0.0	0.0	0.0	74.88549618320612	0.0	7.314365024288689	3.879250520471895	1.1866759195003471	0.5759888965995836	0.32616238723108953	0.06939625260235947	0.013879250520471896	0.006939625260235948	0.0	0.0	0.0	0.0	0.0	0.0	0.0	0.0	0.0	0.0	0.0	0.0	0.0	0.0	0.0	0.0	0.0	0.0	0.0	0.0	0.0	0.0	0.0	0.0	0.0	0.0	0.0	0.0	0.0	0.0	0.0	0.0	0.0	0.0	0.0	0.01588415789051712	0.0	0.0048086599510874265	0.0061826161190670454	0.004044572083024337	0.0034050505522269757	0.0039630772987362135	0.0015975477099224868	0.0005456201625386257	0.0006819036613677093	0.0	0.0	0.0	0.0	0.0	0.0	0.0	0.0	0.0	0.0	0.0	0.0	0.0	0.0	0.0	0.0	0.0																																					
gf388c3	HDR20211211005752	2021-12-11 00:57:52	472.5	125.4	0.0	0.0	0.0	0.0	0.0	0.0	0.0	0.0	0.0	0.0	0.0	0.0	0.0	0.0	0.0	0.0	0.0	0.0	70.15948963317383	0.0	7.169059011164274	3.596491228070175	1.0207336523125996	0.4944178628389154	0.33492822966507174	0.04784688995215311	0.03987240829346092	0.0	0.0	0.007974481658692184	0.0	0.0	0.0	0.0	0.0	0.0	0.0	0.0	0.0	0.0	0.0	0.0	0.0	0.0	0.0	0.0	0.0	0.0	0.0	0.0	0.0	0.0	0.0	0.0	0.0	0.0	0.0	0.0	0.0	0.0	0.0	0.0	0.0	0.014881712316160818	0.0	0.0047131318767237185	0.0056845320598956466	0.0034394100307923933	0.002964604409601448	0.004157760054394344	0.0010905437127682344	0.0016711309652127325	0.0	0.0	0.003683291141479858	0.0	0.0	0.0	0.0	0.0	0.0	0.0	0.0	0.0	0.0	0.0	0.0	0.0	0.0	0.0																																					
gf388c3	HDR20211211005752	2021-12-11 00:57:52	477.5	137.5	0.0	0.0	0.0	0.0	0.0	0.0	0.0	0.0	0.0	0.0	0.0	0.0	0.0	0.0	0.0	0.0	0.0	0.0	72.16	0.0	7.3090909090909095	4.0	1.1054545454545455	0.5309090909090909	0.21818181818181817	0.08	0.05090909090909091	0.0	0.007272727272727273	0.007272727272727273	0.0	0.0	0.0	0.0	0.0	0.007272727272727273	0.0	0.0	0.0	0.0	0.0	0.0	0.0	0.0	0.0	0.0	0.0	0.0	0.0	0.0	0.0	0.0	0.0	0.0	0.0	0.0	0.0	0.0	0.0	0.0	0.0	0.0	0.0	0.015306045787231675	0.0	0.004805192606151159	0.006223853174375666	0.0037003955220080943	0.0032366834816901714	0.0025404110315849944	0.001908171774954369	0.0022498333677218687	0.0	0.0015461994040593073	0.0036096012127633612	0.0	0.0	0.0	0.0	0.0	0.14374477545188852	0.0	0.0	0.0	0.0	0.0	0.0	0.0	0.0	0.0																																					
gf388c3	HDR20211211005752	2021-12-11 00:57:52	482.5	146.3	0.0	0.0	0.0	0.0	0.0	0.0	0.0	0.0	0.0	0.0	0.0	0.0	0.0	0.0	0.0	0.0	0.0	0.0	60.97060833902939	0.0	7.122351332877648	3.438140806561859	1.059466848940533	0.4853041695146958	0.2323991797676008	0.00683526999316473	0.020505809979494187	0.0	0.0	0.0	0.0	0.0	0.0	0.0	0.0	0.0	0.0	0.0	0.0	0.0	0.0	0.0	0.0	0.0	0.0	0.0	0.0	0.0	0.0	0.0	0.0	0.0	0.0	0.0	0.0	0.0	0.0	0.0	0.0	0.0	0.0	0.0	0.0	0.01293263474102762	0.0	0.004682424994958952	0.005346214614077995	0.003586585874681012	0.0029056378489478248	0.002497904589263922	0.00016215370860336476	0.000990408527226558	0.0	0.0	0.0	0.0	0.0	0.0	0.0	0.0	0.0	0.0	0.0	0.0	0.0	0.0	0.0	0.0	0.0	0.0																																					
gf388c3	HDR20211211005752	2021-12-11 00:57:52	487.5	95.7	0.0	0.0	0.0	0.0	0.0	0.0	0.0	0.0	0.0	0.0	0.0	0.0	0.0	0.0	0.0	0.0	0.0	0.0	57.774294670846395	0.0	7.941483803552769	4.00208986415883	1.2121212121212122	0.7210031347962382	0.3134796238244514	0.06269592476489028	0.03134796238244514	0.01044932079414838	0.01044932079414838	0.0	0.01044932079414838	0.0	0.0	0.0	0.01044932079414838	0.0	0.0	0.0	0.0	0.0	0.0	0.0	0.0	0.0	0.0	0.0	0.0	0.0	0.0	0.0	0.0	0.0	0.0	0.0	0.0	0.0	0.0	0.0	0.0	0.0	0.0	0.0	0.0	0.012254656313151192	0.0	0.005220944674150627	0.006176351879697989	0.004075338372526416	0.004349797283620899	0.0038904977617136858	0.0015471207193788127	0.001416733183877508	0.0009124654974448598	0.0023813387555271393	0.0	0.007803591659894467	0.0	0.0	0.0	0.15659458168379967	0.0	0.0	0.0	0.0	0.0	0.0	0.0	0.0	0.0	0.0																																					
gf388c3	HDR20211211005752	2021-12-11 00:57:52	492.5	173.8	0.0	0.0	0.0	0.0	0.0	0.0	0.0	0.0	0.0	0.0	0.0	0.0	0.0	0.0	0.0	0.0	0.0	0.0	53.09551208285385	0.0	7.462600690448792	4.102416570771001	1.0586881472957421	0.621403912543153	0.24165707710011505	0.028768699654775604	0.01150747986191024	0.00575373993095512	0.0	0.0	0.0	0.0	0.0	0.0	0.0	0.0	0.0	0.0	0.0	0.0	0.0	0.0	0.0	0.0	0.0	0.0	0.0	0.0	0.0	0.0	0.0	0.0	0.0	0.0	0.0	0.0	0.0	0.0	0.0	0.0	0.0	0.0	0.0	0.011262227536539268	0.0	0.004906114058015345	0.006413248474847962	0.003473366119016454	0.0037535540660585246	0.0028581444277109196	0.0006720644708264961	0.0005647722668492	0.0004424069339945401	0.0	0.0	0.0	0.0	0.0	0.0	0.0	0.0	0.0	0.0	0.0	0.0	0.0	0.0	0.0	0.0	0.0																																					
gf388c3	HDR20211211005752	2021-12-11 00:57:52	497.5	73.7	0.0	0.0	0.0	0.0	0.0	0.0	0.0	0.0	0.0	0.0	0.0	0.0	0.0	0.0	0.0	0.0	0.0	0.0	51.05834464043419	0.0	6.797829036635006	3.7991858887381276	0.9633649932157394	0.6784260515603799	0.25780189959294436	0.04070556309362279	0.04070556309362279	0.0	0.0	0.0	0.0	0.0	0.0	0.0	0.0	0.0	0.0	0.0	0.0	0.0	0.0	0.0	0.0	0.0	0.0	0.0	0.0	0.0	0.0	0.0	0.0	0.0	0.0	0.0	0.0	0.0	0.0	0.0	0.0	0.0	0.0	0.0	0.0	0.010830118637565696	0.0	0.004469075324277365	0.006114998731975944	0.0031839373572649945	0.004013180696156821	0.0033066843983034773	0.0010944898392905864	0.0022814069486800617	0.0	0.0	0.0	0.0	0.0	0.0	0.0	0.0	0.0	0.0	0.0	0.0	0.0	0.0	0.0	0.0	0.0	0.0																																					
gf388c3	HDR20211211005752	2021-12-11 00:57:52	502.5	112.2	0.0	0.0	0.0	0.0	0.0	0.0	0.0	0.0	0.0	0.0	0.0	0.0	0.0	0.0	0.0	0.0	0.0	0.0	45.90909090909091	0.0	6.746880570409982	3.4581105169340463	1.1051693404634582	0.36541889483065954	0.10695187165775401	0.044563279857397504	0.017825311942959002	0.008912655971479501	0.0	0.0	0.0	0.0	0.0	0.0	0.0	0.0	0.0	0.0	0.0	0.0	0.0	0.0	0.0	0.0	0.0	0.0	0.0	0.0	0.0	0.0	0.0	0.0	0.0	0.0	0.0	0.0	0.0	0.0	0.0	0.0	0.0	0.0	0.0	0.009737896999788343	0.0	0.004435580434660555	0.005474546447602356	0.0036489030745770947	0.002229621209106276	0.0012424334322087434	0.0010598723335640701	0.0008702642193973948	0.0009776747703247554	0.0	0.0	0.0	0.0	0.0	0.0	0.0	0.0	0.0	0.0	0.0	0.0	0.0	0.0	0.0	0.0	0.0																																					
gf388c3	HDR20211211005752	2021-12-11 00:57:52	507.5	107.8	0.0	0.0	0.0	0.0	0.0	0.0	0.0	0.0	0.0	0.0	0.0	0.0	0.0	0.0	0.0	0.0	0.0	0.0	46.03896103896104	0.0	6.836734693877551	3.515769944341373	1.1595547309833025	0.5565862708719852	0.2690166975881262	0.08348794063079777	0.0	0.0	0.00927643784786642	0.0	0.0	0.0	0.0	0.0	0.0	0.0	0.0	0.0	0.0	0.0	0.0	0.0	0.0	0.0	0.0	0.0	0.0	0.0	0.0	0.0	0.0	0.0	0.0	0.0	0.0	0.0	0.0	0.0	0.0	0.0	0.0	0.0	0.0	0.009765444091725509	0.0	0.004494652947930506	0.005534960886058069	0.0039004711825424516	0.003296090138993644	0.003031752488564834	0.0018882282541265235	0.0	0.0	0.0021140456299067463	0.0	0.0	0.0	0.0	0.0	0.0	0.0	0.0	0.0	0.0	0.0	0.0	0.0	0.0	0.0	0.0																																					
gf388c3	HDR20211211005752	2021-12-11 00:57:52	512.5	158.4	0.0	0.0	0.0	0.0	0.0	0.0	0.0	0.0	0.0	0.0	0.0	0.0	0.0	0.0	0.0	0.0	0.0	0.0	47.417929292929294	0.0	6.729797979797979	3.6047979797979797	1.0669191919191918	0.4797979797979798	0.25252525252525254	0.056818181818181816	0.012626262626262626	0.012626262626262626	0.0	0.0	0.0	0.0	0.0	0.0	0.0	0.0	0.0	0.0	0.0	0.0	0.0	0.0	0.0	0.0	0.0	0.0	0.0	0.0	0.0	0.0	0.0	0.0	0.0	0.0	0.0	0.0	0.0	0.0	0.0	0.0	0.0	0.0	0.0	0.01005794064430834	0.0	0.0044243498809400355	0.005614953825070311	0.0035269087008849924	0.0029246409599009105	0.0028980105465947195	0.0013674142796513738	0.000617653150953229	0.0010582931185928739	0.0	0.0	0.0	0.0	0.0	0.0	0.0	0.0	0.0	0.0	0.0	0.0	0.0	0.0	0.0	0.0	0.0																																					
gf388c3	HDR20211211005752	2021-12-11 00:57:52	517.5	122.1	0.0	0.0	0.0	0.0	0.0	0.0	0.0	0.0	0.0	0.0	0.0	0.0	0.0	0.0	0.0	0.0	0.0	0.0	54.67649467649468	0.0	7.1990171990172	3.8984438984438987	1.162981162981163	0.6715806715806716	0.2866502866502867	0.04095004095004095	0.03276003276003276	0.01638001638001638	0.0	0.0	0.0	0.0	0.0	0.0	0.0	0.0	0.0	0.0	0.0	0.0	0.0	0.0	0.0	0.0	0.0	0.0	0.0	0.0	0.0	0.0	0.0	0.0	0.0	0.0	0.0	0.0	0.0	0.0	0.0	0.0	0.0	0.0	0.0	0.011597573877546515	0.0	0.004732827193768622	0.006211606301985401	0.003843672124986571	0.004118772876501111	0.0034522773673761275	0.0009764120705029976	0.0015655663989644708	0.0016456716886630168	0.0	0.0	0.0	0.0	0.0	0.0	0.0	0.0	0.0	0.0	0.0	0.0	0.0	0.0	0.0	0.0	0.0																																					
gf388c3	HDR20211211005752	2021-12-11 00:57:52	522.5	166.1	0.0	0.0	0.0	0.0	0.0	0.0	0.0	0.0	0.0	0.0	0.0	0.0	0.0	0.0	0.0	0.0	0.0	0.0	59.44009632751355	0.0	7.519566526189043	4.087898856110777	1.0114388922335942	0.4695966285370259	0.3070439494280554	0.07224563515954245	0.036122817579771226	0.024081878386514148	0.012040939193257074	0.0	0.006020469596628537	0.0	0.0	0.0	0.0	0.0	0.0	0.0	0.0	0.0	0.0	0.0	0.0	0.0	0.0	0.0	0.0	0.0	0.0	0.0	0.0	0.0	0.0	0.0	0.0	0.0	0.0	0.0	0.0	0.0	0.0	0.0	0.0	0.012607993846817954	0.0	0.004943564927912422	0.0064129616735958146	0.00327844266601926	0.002851442201569228	0.003856769571818189	0.0017888103596089818	0.0013555005328380468	0.002301165890927819	0.0021274961486117006	0.0	0.003598756001515506	0.0	0.0	0.0	0.0	0.0	0.0	0.0	0.0	0.0	0.0	0.0	0.0	0.0	0.0																																					
gf388c3	HDR20211211005752	2021-12-11 00:57:52	527.5	58.3	0.0	0.0	0.0	0.0	0.0	0.0	0.0	0.0	0.0	0.0	0.0	0.0	0.0	0.0	0.0	0.0	0.0	0.0	58.01029159519726	0.0	7.495711835334477	4.356775300171527	1.0291595197255574	0.548885077186964	0.3259005145797599	0.0686106346483705	0.017152658662092625	0.017152658662092625	0.0	0.0	0.0	0.0	0.0	0.0	0.0	0.0	0.0	0.0	0.0	0.0	0.0	0.0	0.0	0.0	0.0	0.0	0.0	0.0	0.0	0.0	0.0	0.0	0.0	0.0	0.0	0.0	0.0	0.0	0.0	0.0	0.0	0.0	0.0	0.012304714236235447	0.0	0.004927882213667644	0.006926319459065325	0.0034716149949879354	0.003245393080664131	0.003682691489100869	0.0016341358198356274	0.0007886487003820231	0.0014978207222208076	0.0	0.0	0.0	0.0	0.0	0.0	0.0	0.0	0.0	0.0	0.0	0.0	0.0	0.0	0.0	0.0	0.0																																					
gf388c3	HDR20211211005752	2021-12-11 00:57:52	532.5	105.6	0.0	0.0	0.0	0.0	0.0	0.0	0.0	0.0	0.0	0.0	0.0	0.0	0.0	0.0	0.0	0.0	0.0	0.0	70.09469696969697	0.0	8.162878787878789	4.460227272727273	1.268939393939394	0.7954545454545455	0.2840909090909091	0.02840909090909091	0.01893939393939394	0.0	0.0	0.0	0.0	0.0	0.0	0.0	0.0	0.0	0.0	0.0	0.0	0.0	0.0	0.0	0.0	0.0	0.0	0.0	0.0	0.0	0.0	0.0	0.0	0.0	0.0	0.0	0.0	0.0	0.0	0.0	0.0	0.0	0.0	0.0	0.0	0.014867968975336905	0.0	0.005366495681102688	0.006948323390494169	0.00425093695817048	0.004966812329507263	0.0032398963720328806	0.0006339348590296356	0.00098091248321723	0.0	0.0	0.0	0.0	0.0	0.0	0.0	0.0	0.0	0.0	0.0	0.0	0.0	0.0	0.0	0.0	0.0	0.0																																					
gf388c3	HDR20211211005752	2021-12-11 00:57:52	537.5	144.1	0.0	0.0	0.0	0.0	0.0	0.0	0.0	0.0	0.0	0.0	0.0	0.0	0.0	0.0	0.0	0.0	0.0	0.0	98.62595419847328	0.0	9.604441360166552	4.934073560027759	1.2630117973629424	0.791117279666898	0.24288688410825815	0.062456627342123525	0.041637751561415685	0.013879250520471896	0.0	0.0	0.0	0.0	0.0	0.0	0.0	0.0	0.0	0.0	0.0	0.0	0.0	0.0	0.0	0.0	0.0	0.0	0.0	0.0	0.0	0.0	0.0	0.0	0.0	0.0	0.0	0.0	0.0	0.0	0.0	0.0	0.0	0.0	0.0	0.02091980835326006	0.0	0.006314217620782731	0.007738571303886451	0.0041626519900565765	0.004710086748692296	0.0028630224502179486	0.0015622149863863209	0.001748880670870353	0.0011874486670500925	0.0	0.0	0.0	0.0	0.0	0.0	0.0	0.0	0.0	0.0	0.0	0.0	0.0	0.0	0.0	0.0	0.0																																					
gf388c3	HDR20211211005752	2021-12-11 00:57:52	542.5	137.5	0.0	0.0	0.0	0.0	0.0	0.0	0.0	0.0	0.0	0.0	0.0	0.0	0.0	0.0	0.0	0.0	0.0	0.0	97.39636363636363	0.0	8.618181818181819	4.487272727272727	1.4763636363636363	0.7054545454545454	0.3054545454545455	0.05818181818181818	0.007272727272727273	0.014545454545454545	0.0	0.0	0.0	0.0	0.0	0.0	0.0	0.0	0.0	0.0	0.0	0.0	0.0	0.0	0.0	0.0	0.0	0.0	0.0	0.0	0.0	0.0	0.0	0.0	0.0	0.0	0.0	0.0	0.0	0.0	0.0	0.0	0.0	0.0	0.0	0.020658996692461858	0.0	0.005665824117700621	0.007083481233638806	0.004869515903145216	0.004284219946122096	0.0036894000932184514	0.0014196819217769463	0.0003548343804130254	0.0011942783507907211	0.0	0.0	0.0	0.0	0.0	0.0	0.0	0.0	0.0	0.0	0.0	0.0	0.0	0.0	0.0	0.0	0.0																																					
gf388c3	HDR20211211005752	2021-12-11 00:57:52	547.5	127.6	0.0	0.0	0.0	0.0	0.0	0.0	0.0	0.0	0.0	0.0	0.0	0.0	0.0	0.0	0.0	0.0	0.0	0.0	93.49529780564264	0.0	8.095611285266457	4.945141065830721	1.4498432601880877	0.8072100313479624	0.329153605015674	0.07836990595611286	0.015673981191222573	0.007836990595611286	0.0	0.0	0.0	0.0	0.0	0.0	0.0	0.0	0.0	0.0	0.0	0.0	0.0	0.0	0.0	0.0	0.0	0.0	0.0	0.0	0.0	0.0	0.0	0.0	0.0	0.0	0.0	0.0	0.0	0.0	0.0	0.0	0.0	0.0	0.0	0.019831531445454922	0.0	0.005322272218813419	0.00767712811370832	0.004833602366129763	0.004943457772816212	0.0038693848992346932	0.0019679191506767803	0.0006781308794294308	0.0006566489405677526	0.0	0.0	0.0	0.0	0.0	0.0	0.0	0.0	0.0	0.0	0.0	0.0	0.0	0.0	0.0	0.0	0.0																																					
gf388c3	HDR20211211005752	2021-12-11 00:57:52	552.5	99.0	0.0	0.0	0.0	0.0	0.0	0.0	0.0	0.0	0.0	0.0	0.0	0.0	0.0	0.0	0.0	0.0	0.0	0.0	93.52525252525253	0.0	8.585858585858587	4.686868686868687	1.1818181818181819	0.7171717171717171	0.36363636363636365	0.16161616161616163	0.09090909090909091	0.06060606060606061	0.020202020202020204	0.0	0.0	0.0	0.0	0.0	0.0	0.0	0.0	0.0	0.0	0.0	0.0	0.0	0.0	0.0	0.0	0.0	0.0	0.0	0.0	0.0	0.0	0.0	0.0	0.0	0.0	0.0	0.0	0.0	0.0	0.0	0.0	0.0	0.0	0.019837885219150773	0.0	0.005644573956921621	0.007213486255236889	0.003928052315412871	0.004240834661983239	0.0042573321545486984	0.004169698122057492	0.004741480922596509	0.006493287105573124	0.0029664237800054935	0.0	0.0	0.0	0.0	0.0	0.0	0.0	0.0	0.0	0.0	0.0	0.0	0.0	0.0	0.0	0.0																																					
gf388c3	HDR20211211005752	2021-12-11 00:57:52	557.5	66.0	0.0	0.0	0.0	0.0	0.0	0.0	0.0	0.0	0.0	0.0	0.0	0.0	0.0	0.0	0.0	0.0	0.0	0.0	83.07575757575758	0.0	8.469696969696969	4.606060606060606	1.4242424242424243	0.7121212121212122	0.3181818181818182	0.045454545454545456	0.0	0.0	0.0	0.0	0.0	0.0	0.0	0.0	0.0	0.0	0.0	0.0	0.0	0.0	0.0	0.0	0.0	0.0	0.0	0.0	0.0	0.0	0.0	0.0	0.0	0.0	0.0	0.0	0.0	0.0	0.0	0.0	0.0	0.0	0.0	0.0	0.0	0.017621415594006432	0.0	0.005568206191622092	0.007338021855607438	0.004731437450133259	0.004289545419177776	0.00399634588365565	0.001222180320541155	0.0	0.0	0.0	0.0	0.0	0.0	0.0	0.0	0.0	0.0	0.0	0.0	0.0	0.0	0.0	0.0	0.0	0.0	0.0																																					
gf388c3	HDR20211211005752	2021-12-11 00:57:52	562.5	140.8	0.0	0.0	0.0	0.0	0.0	0.0	0.0	0.0	0.0	0.0	0.0	0.0	0.0	0.0	0.0	0.0	0.0	0.0	76.78977272727272	0.0	8.274147727272727	4.545454545454545	1.2002840909090908	0.7528409090909091	0.3196022727272727	0.056818181818181816	0.02130681818181818	0.0	0.007102272727272727	0.02130681818181818	0.0	0.0	0.0	0.0	0.0	0.0	0.0	0.0	0.0	0.0	0.0	0.0	0.0	0.0	0.0	0.0	0.0	0.0	0.0	0.0	0.0	0.0	0.0	0.0	0.0	0.0	0.0	0.0	0.0	0.0	0.0	0.0	0.0	0.016288078954472703	0.0	0.005439646869331176	0.007114756419887392	0.004018302591968634	0.004496051902648951	0.0038062615900411453	0.0013371578459793329	0.0010644858139786733	0.0	0.0011054817905219731	0.007939208407492578	0.0	0.0	0.0	0.0	0.0	0.0	0.0	0.0	0.0	0.0	0.0	0.0	0.0	0.0	0.0																																					
gf388c3	HDR20211211005752	2021-12-11 00:57:52	567.5	154.0	0.0	0.0	0.0	0.0	0.0	0.0	0.0	0.0	0.0	0.0	0.0	0.0	0.0	0.0	0.0	0.0	0.0	0.0	78.59740259740259	0.0	8.46103896103896	4.6688311688311686	1.4870129870129871	0.6363636363636364	0.3961038961038961	0.045454545454545456	0.012987012987012988	0.0	0.0	0.0	0.0	0.0	0.0	0.0	0.0	0.0	0.0	0.0	0.0	0.0	0.0	0.0	0.0	0.0	0.0	0.0	0.0	0.0	0.0	0.0	0.0	0.0	0.0	0.0	0.0	0.0	0.0	0.0	0.0	0.0	0.0	0.0	0.0	0.01667150004037314	0.0	0.005562514184270576	0.007341985768968657	0.0049617313981288125	0.0037317699139792345	0.004761415539756233	0.0011096767777851251	0.0006204146706243984	0.0	0.0	0.0	0.0	0.0	0.0	0.0	0.0	0.0	0.0	0.0	0.0	0.0	0.0	0.0	0.0	0.0	0.0																																					
gf388c3	HDR20211211005752	2021-12-11 00:57:52	572.5	71.5	0.0	0.0	0.0	0.0	0.0	0.0	0.0	0.0	0.0	0.0	0.0	0.0	0.0	0.0	0.0	0.0	0.0	0.0	63.87412587412587	0.0	7.440559440559441	4.531468531468532	1.3986013986013985	0.951048951048951	0.46153846153846156	0.08391608391608392	0.027972027972027972	0.0	0.0	0.0	0.0	0.0	0.0	0.0	0.0	0.0	0.0	0.0	0.0	0.0	0.0	0.0	0.0	0.0	0.0	0.0	0.0	0.0	0.0	0.0	0.0	0.0	0.0	0.0	0.0	0.0	0.0	0.0	0.0	0.0	0.0	0.0	0.0	0.013548507417527299	0.0	0.004891623548550357	0.006937768038899068	0.004642021797941304	0.005716411416351245	0.0052594387536117485	0.0023795919999655673	0.0010255918688166878	0.0	0.0	0.0	0.0	0.0	0.0	0.0	0.0	0.0	0.0	0.0	0.0	0.0	0.0	0.0	0.0	0.0	0.0																																					
gf388c3	HDR20211211005752	2021-12-11 00:57:52	577.5	81.4	0.0	0.0	0.0	0.0	0.0	0.0	0.0	0.0	0.0	0.0	0.0	0.0	0.0	0.0	0.0	0.0	0.0	0.0	58.66093366093366	0.0	7.358722358722358	4.361179361179361	1.2653562653562653	0.7616707616707616	0.3931203931203931	0.06142506142506142	0.0	0.0	0.0	0.0	0.0	0.0	0.0	0.0	0.0	0.0	0.0	0.0	0.0	0.0	0.0	0.0	0.0	0.0	0.0	0.0	0.0	0.0	0.0	0.0	0.0	0.0	0.0	0.0	0.0	0.0	0.0	0.0	0.0	0.0	0.0	0.0	0.0	0.012442723621618766	0.0	0.004837821653698642	0.0068043377171931015	0.004247972061670157	0.004567093279656284	0.004397918716523842	0.0014618329958856183	0.0	0.0	0.0	0.0	0.0	0.0	0.0	0.0	0.0	0.0	0.0	0.0	0.0	0.0	0.0	0.0	0.0	0.0	0.0																																					
gf388c3	HDR20211211005752	2021-12-11 00:57:52	582.5	141.9	0.0	0.0	0.0	0.0	0.0	0.0	0.0	0.0	0.0	0.0	0.0	0.0	0.0	0.0	0.0	0.0	0.0	0.0	57.026074700493304	0.0	7.434813248766737	4.2283298097251585	1.3107822410147991	0.6553911205073996	0.33121916842847077	0.042283298097251586	0.01409443269908386	0.0	0.0	0.0	0.0	0.0	0.0	0.0	0.0	0.0	0.0	0.0	0.0	0.0	0.0	0.0	0.0	0.0	0.0	0.0	0.0	0.0	0.0	0.0	0.0	0.0	0.0	0.0	0.0	0.0	0.0	0.0	0.0	0.0	0.0	0.0	0.0	0.012095949423944624	0.0	0.004887845847785754	0.006705808728024663	0.004309862121551165	0.004008926280319645	0.0037479176932269016	0.0010068284726673818	0.0006097921086342168	0.0	0.0	0.0	0.0	0.0	0.0	0.0	0.0	0.0	0.0	0.0	0.0	0.0	0.0	0.0	0.0	0.0	0.0																																					
gf388c3	HDR20211211005752	2021-12-11 00:57:52	587.5	122.1	0.0	0.0	0.0	0.0	0.0	0.0	0.0	0.0	0.0	0.0	0.0	0.0	0.0	0.0	0.0	0.0	0.0	0.0	52.65356265356266	0.0	6.986076986076986	4.553644553644554	1.4987714987714988	0.8271908271908273	0.3603603603603604	0.06552006552006552	0.024570024570024572	0.00819000819000819	0.0	0.0	0.0	0.0	0.0	0.0	0.0	0.0	0.0	0.0	0.0	0.0	0.0	0.0	0.0	0.0	0.0	0.0	0.0	0.0	0.0	0.0	0.0	0.0	0.0	0.0	0.0	0.0	0.0	0.0	0.0	0.0	0.0	0.0	0.0	0.011168484490525245	0.0	0.0045928345805285944	0.0073715927818399545	0.004978320044175442	0.00499178986033024	0.00423236139927533	0.0014357210926330126	0.001352343883491365	0.0008667495845588461	0.0	0.0	0.0	0.0	0.0	0.0	0.0	0.0	0.0	0.0	0.0	0.0	0.0	0.0	0.0	0.0	0.0																																					
gf388c3	HDR20211211005752	2021-12-11 00:57:52	592.5	159.5	0.0	0.0	0.0	0.0	0.0	0.0	0.0	0.0	0.0	0.0	0.0	0.0	0.0	0.0	0.0	0.0	0.0	0.0	46.20062695924765	0.0	6.5266457680250785	4.213166144200627	1.322884012539185	0.6959247648902821	0.23197492163009403	0.10031347962382445	0.012539184952978056	0.018808777429467086	0.006269592476489028	0.006269592476489028	0.0	0.0	0.0	0.0	0.0	0.0	0.0	0.0	0.0	0.0	0.0	0.0	0.0	0.0	0.0	0.0	0.0	0.0	0.0	0.0	0.0	0.0	0.0	0.0	0.0	0.0	0.0	0.0	0.0	0.0	0.0	0.0	0.0	0.009799735471688673	0.0	0.004290792162466424	0.006612832480442698	0.004402309917842979	0.00406419808466632	0.0028341902930994417	0.0023512639860391576	0.0006945158363071516	0.0018909345594898379	0.0008934544418073218	0.0020565040619021247	0.0	0.0	0.0	0.0	0.0	0.0	0.0	0.0	0.0	0.0	0.0	0.0	0.0	0.0	0.0																																					
gf388c3	HDR20211211005752	2021-12-11 00:57:52	597.5	69.3	0.0	0.0	0.0	0.0	0.0	0.0	0.0	0.0	0.0	0.0	0.0	0.0	0.0	0.0	0.0	0.0	0.0	0.0	49.53823953823954	0.0	7.012987012987013	3.852813852813853	1.1832611832611832	0.836940836940837	0.25974025974025977	0.11544011544011544	0.043290043290043295	0.01443001443001443	0.0	0.0	0.0	0.0	0.0	0.0	0.0	0.0	0.0	0.0	0.0	0.0	0.0	0.0	0.0	0.0	0.0	0.0	0.0	0.0	0.0	0.0	0.0	0.0	0.0	0.0	0.0	0.0	0.0	0.0	0.0	0.0	0.0	0.0	0.0	0.010507685180032495	0.0	0.0046105259547292565	0.006154061241758942	0.003910284792181919	0.005016365255679064	0.002943774783836363	0.0024991150737986613	0.002173223323674436	0.0013645080147712844	0.0	0.0	0.0	0.0	0.0	0.0	0.0	0.0	0.0	0.0	0.0	0.0	0.0	0.0	0.0	0.0	0.0																																					
gf388c3	HDR20211211005752	2021-12-11 00:57:52	602.5	77.0	0.0	0.0	0.0	0.0	0.0	0.0	0.0	0.0	0.0	0.0	0.0	0.0	0.0	0.0	0.0	0.0	0.0	0.0	48.79220779220779	0.0	6.636363636363637	3.5454545454545454	1.2727272727272727	0.5844155844155844	0.22077922077922077	0.03896103896103896	0.025974025974025976	0.0	0.012987012987012988	0.0	0.0	0.0	0.0	0.0	0.0	0.0	0.0	0.0	0.0	0.0	0.0	0.0	0.0	0.0	0.0	0.0	0.0	0.0	0.0	0.0	0.0	0.0	0.0	0.0	0.0	0.0	0.0	0.0	0.0	0.0	0.0	0.0	0.0	0.010349442440793439	0.0	0.004362923634938241	0.00563794131926737	0.004287070659187894	0.0034713336925786915	0.0028125136239648993	0.0010720787533588729	0.0010880915333121566	0.0	0.0030270435290155138	0.0	0.0	0.0	0.0	0.0	0.0	0.0	0.0	0.0	0.0	0.0	0.0	0.0	0.0	0.0	0.0																																					
gf388c3	HDR20211211005752	2021-12-11 00:57:52	607.5	92.4	0.0	0.0	0.0	0.0	0.0	0.0	0.0	0.0	0.0	0.0	0.0	0.0	0.0	0.0	0.0	0.0	0.0	0.0	43.06277056277056	0.0	6.958874458874458	3.82034632034632	1.2554112554112553	0.6926406926406926	0.23809523809523808	0.10822510822510822	0.032467532467532464	0.0	0.0	0.0	0.0	0.0	0.0	0.0	0.0	0.0	0.0	0.0	0.0	0.0	0.0	0.0	0.0	0.0	0.0	0.0	0.0	0.0	0.0	0.0	0.0	0.0	0.0	0.0	0.0	0.0	0.0	0.0	0.0	0.0	0.0	0.0	0.0	0.009134156568165444	0.0	0.004574950908782271	0.005991506046426483	0.004209886377591908	0.004116633271455247	0.002953555324073256	0.002925409628872556	0.0012890390437607386	0.0	0.0	0.0	0.0	0.0	0.0	0.0	0.0	0.0	0.0	0.0	0.0	0.0	0.0	0.0	0.0	0.0	0.0																																					
gf388c3	HDR20211211005752	2021-12-11 00:57:52	612.5	117.7	0.0	0.0	0.0	0.0	0.0	0.0	0.0	0.0	0.0	0.0	0.0	0.0	0.0	0.0	0.0	0.0	0.0	0.0	48.89549702633815	0.0	5.964316057774002	4.146134239592183	1.6142735768903993	0.6796941376380629	0.44180118946474084	0.04248088360237893	0.016992353440951572	0.016992353440951572	0.0	0.0	0.0	0.0	0.0	0.0	0.0	0.0	0.0	0.0	0.0	0.0	0.0	0.0	0.0	0.0	0.0	0.0	0.0	0.0	0.0	0.0	0.0	0.0	0.0	0.0	0.0	0.0	0.0	0.0	0.0	0.0	0.0	0.0	0.0	0.010371351389614494	0.0	0.003921101512900583	0.006560749886401501	0.0053992972800722015	0.0041313134774866225	0.005045822247338299	0.0010673710724897918	0.0009639402038248077	0.002205842722558101	0.0	0.0	0.0	0.0	0.0	0.0	0.0	0.0	0.0	0.0	0.0	0.0	0.0	0.0	0.0	0.0	0.0																																					
gf388c3	HDR20211211005752	2021-12-11 00:57:52	617.5	133.1	0.0	0.0	0.0	0.0	0.0	0.0	0.0	0.0	0.0	0.0	0.0	0.0	0.0	0.0	0.0	0.0	0.0	0.0	56.28099173553719	0.0	7.182569496619084	4.778362133734035	1.2997746055597297	0.6912096168294516	0.3080390683696469	0.09015777610818934	0.03005259203606311	0.0	0.0	0.0	0.007513148009015778	0.0	0.0	0.0	0.0	0.0	0.0	0.0	0.0	0.0	0.0	0.0	0.0	0.0	0.0	0.0	0.0	0.0	0.0	0.0	0.0	0.0	0.0	0.0	0.0	0.0	0.0	0.0	0.0	0.0	0.0	0.0	0.0	0.011937907933133863	0.0	0.00472201403260609	0.0076257274760468735	0.004384722569480516	0.0041955953613558175	0.0036580683888754475	0.002150140944646167	0.0015976113140291645	0.0	0.0	0.0	0.007638237473188126	0.0	0.0	0.0	0.0	0.0	0.0	0.0	0.0	0.0	0.0	0.0	0.0	0.0	0.0																																					
gf388c3	HDR20211211005752	2021-12-11 00:57:52	622.5	160.6	0.0	0.0	0.0	0.0	0.0	0.0	0.0	0.0	0.0	0.0	0.0	0.0	0.0	0.0	0.0	0.0	0.0	0.0	58.13823163138232	0.0	7.185554171855542	3.8978829389788294	1.2266500622665006	0.7534246575342466	0.21793275217932753	0.08717310087173101	0.024906600249066005	0.031133250311332503	0.0	0.0	0.0	0.0	0.0	0.0	0.0	0.0	0.0	0.0	0.0	0.0	0.0	0.0	0.0	0.0	0.0	0.0	0.0	0.0	0.0	0.0	0.0	0.0	0.0	0.0	0.0	0.0	0.0	0.0	0.0	0.0	0.0	0.0	0.0	0.012331851930967554	0.0	0.004723976238242382	0.0060219359345686126	0.004059536187802183	0.004616859189206243	0.002413875954034422	0.0021368959190373035	0.0011870602911055953	0.003127236580743553	0.0	0.0	0.0	0.0	0.0	0.0	0.0	0.0	0.0	0.0	0.0	0.0	0.0	0.0	0.0	0.0	0.0																																					
gf388c3	HDR20211211005752	2021-12-11 00:57:52	627.5	163.9	0.0	0.0	0.0	0.0	0.0	0.0	0.0	0.0	0.0	0.0	0.0	0.0	0.0	0.0	0.0	0.0	0.0	0.0	71.1836485661989	0.0	7.083587553386211	4.521049420378279	1.6046369737644905	0.87248322147651	0.3477730323367907	0.10982306284319707	0.0061012812690665035	0.0061012812690665035	0.0	0.0061012812690665035	0.0	0.0	0.0	0.0	0.0	0.0	0.0	0.0	0.0	0.0	0.0	0.0	0.0	0.0	0.0	0.0	0.0	0.0	0.0	0.0	0.0	0.0	0.0	0.0	0.0	0.0	0.0	0.0	0.0	0.0	0.0	0.0	0.0	0.01509894933836542	0.0	0.004656940645548678	0.007172019430277746	0.005375845146686007	0.005250900129243636	0.003949786259073661	0.002528874385341746	0.00024741477109776344	0.0005546905719096136	0.0	0.0017535694744526319	0.0	0.0	0.0	0.0	0.0	0.0	0.0	0.0	0.0	0.0	0.0	0.0	0.0	0.0	0.0																																					
gf388c3	HDR20211211005752	2021-12-11 00:57:52	632.5	68.2	0.0	0.0	0.0	0.0	0.0	0.0	0.0	0.0	0.0	0.0	0.0	0.0	0.0	0.0	0.0	0.0	0.0	0.0	77.27272727272727	0.0	6.114369501466276	4.120234604105572	1.378299120234604	0.8504398826979471	0.36656891495601174	0.10263929618768328	0.029325513196480937	0.014662756598240468	0.0	0.0	0.0	0.0	0.0	0.0	0.0	0.0	0.0	0.0	0.0	0.0	0.0	0.0	0.0	0.0	0.0	0.0	0.0	0.0	0.0	0.0	0.0	0.0	0.0	0.0	0.0	0.0	0.0	0.0	0.0	0.0	0.0	0.0	0.0	0.016390519702614043	0.0	0.0040197506755838405	0.006481296929662634	0.004563907488966411	0.005100261116695931	0.004244314368036164	0.0025719218992123066	0.0016095663460362244	0.0011274241221151183	0.0	0.0	0.0	0.0	0.0	0.0	0.0	0.0	0.0	0.0	0.0	0.0	0.0	0.0	0.0	0.0	0.0																																					
gf388c3	HDR20211211005752	2021-12-11 00:57:52	637.5	100.1	0.0	0.0	0.0	0.0	0.0	0.0	0.0	0.0	0.0	0.0	0.0	0.0	0.0	0.0	0.0	0.0	0.0	0.0	79.000999000999	0.0	7.592407592407593	4.465534465534466	1.4785214785214786	0.7892107892107892	0.2897102897102897	0.029970029970029972	0.00999000999000999	0.0	0.0	0.0	0.00999000999000999	0.0	0.0	0.0	0.0	0.0	0.0	0.0	0.0	0.0	0.0	0.0	0.0	0.0	0.0	0.0	0.0	0.0	0.0	0.0	0.0	0.0	0.0	0.0	0.0	0.0	0.0	0.0	0.0	0.0	0.0	0.0	0.0	0.016757107926085566	0.0	0.0049914526005615896	0.00706273883289989	0.0048439213732240265	0.004831668874938467	0.0033162067348565675	0.0008051202690865333	0.0005454994208679207	0.0	0.0	0.0	0.0073790342421143655	0.0	0.0	0.0	0.0	0.0	0.0	0.0	0.0	0.0	0.0	0.0	0.0	0.0	0.0																																					
gf388c3	HDR20211211005752	2021-12-11 00:57:52	642.5	122.1	0.0	0.0	0.0	0.0	0.0	0.0	0.0	0.0	0.0	0.0	0.0	0.0	0.0	0.0	0.0	0.0	0.0	0.0	78.47665847665849	0.0	6.658476658476658	4.176904176904177	1.3185913185913187	0.85995085995086	0.3603603603603604	0.06552006552006552	0.01638001638001638	0.0	0.00819000819000819	0.0	0.0	0.0	0.0	0.0	0.0	0.0	0.0	0.0	0.0	0.0	0.0	0.0	0.0	0.0	0.0	0.0	0.0	0.0	0.0	0.0	0.0	0.0	0.0	0.0	0.0	0.0	0.0	0.0	0.0	0.0	0.0	0.0	0.0	0.01664588869003156	0.0	0.00437746132939009	0.006660205410114173	0.004433235523554322	0.005155671166426289	0.004082100101430671	0.001617888912568075	0.000710298506039974	0.0	0.0016596056232954539	0.0	0.0	0.0	0.0	0.0	0.0	0.0	0.0	0.0	0.0	0.0	0.0	0.0	0.0	0.0	0.0																																					
gf388c3	HDR20211211005752	2021-12-11 00:57:52	647.5	172.7	0.0	0.0	0.0	0.0	0.0	0.0	0.0	0.0	0.0	0.0	0.0	0.0	0.0	0.0	0.0	0.0	0.0	0.0	74.57440648523452	0.0	6.462072958888246	4.093804284887088	1.673422119281992	0.9090909090909092	0.4226983207874928	0.09264620729588884	0.02316155182397221	0.005790387955993052	0.0	0.0	0.0	0.0	0.0	0.0	0.0	0.0	0.0	0.0	0.0	0.0	0.0	0.0	0.0	0.0	0.0	0.0	0.0	0.0	0.0	0.0	0.0	0.0	0.0	0.0	0.0	0.0	0.0	0.0	0.0	0.0	0.0	0.0	0.0	0.015818171843384507	0.0	0.0042483402640180416	0.0064849829882387185	0.005584649841326359	0.005609796989664049	0.00499498213292952	0.001982530503946872	0.0009287049400359715	0.0008003728814044872	0.0	0.0	0.0	0.0	0.0	0.0	0.0	0.0	0.0	0.0	0.0	0.0	0.0	0.0	0.0	0.0	0.0																																					
gf388c3	HDR20211211005752	2021-12-11 00:57:52	652.5	123.2	0.0	0.0	0.0	0.0	0.0	0.0	0.0	0.0	0.0	0.0	0.0	0.0	0.0	0.0	0.0	0.0	0.0	0.0	68.35227272727272	0.0	7.378246753246753	4.261363636363637	1.3474025974025974	0.7305194805194805	0.37337662337662336	0.048701298701298704	0.016233766233766232	0.0	0.0	0.0	0.0	0.0	0.0	0.0	0.0	0.0	0.0	0.0	0.0	0.0	0.0	0.0	0.0	0.0	0.0	0.0	0.0	0.0	0.0	0.0	0.0	0.0	0.0	0.0	0.0	0.0	0.0	0.0	0.0	0.0	0.0	0.0	0.0	0.014498378825179922	0.0	0.0048506575148714055	0.006830238082899758	0.004570428800780688	0.004338222856039319	0.004392749912487677	0.0010708477680835531	0.0006811358726701442	0.0	0.0	0.0	0.0	0.0	0.0	0.0	0.0	0.0	0.0	0.0	0.0	0.0	0.0	0.0	0.0	0.0	0.0																																					
gf388c3	HDR20211211005752	2021-12-11 00:57:52	657.5	118.8	0.0	0.0	0.0	0.0	0.0	0.0	0.0	0.0	0.0	0.0	0.0	0.0	0.0	0.0	0.0	0.0	0.0	0.0	58.77946127946128	0.0	6.523569023569023	4.183501683501683	1.4478114478114479	0.8417508417508418	0.3872053872053872	0.058922558922558925	0.0	0.0	0.008417508417508417	0.0	0.0	0.0	0.0	0.0	0.0	0.0	0.0	0.0	0.0	0.0	0.0	0.0	0.0	0.0	0.0	0.0	0.0	0.0	0.0	0.0	0.0	0.0	0.0	0.0	0.0	0.0	0.0	0.0	0.0	0.0	0.0	0.0	0.0	0.012467864823894757	0.0	0.004288769428053192	0.006596530453905688	0.004896381600495816	0.005226453341816201	0.00453247594135312	0.0015037023833764775	0.0	0.0	0.0016643541597551313	0.0	0.0	0.0	0.0	0.0	0.0	0.0	0.0	0.0	0.0	0.0	0.0	0.0	0.0	0.0	0.0																																					
gf388c3	HDR20211211005752	2021-12-11 00:57:52	662.5	149.6	0.0	0.0	0.0	0.0	0.0	0.0	0.0	0.0	0.0	0.0	0.0	0.0	0.0	0.0	0.0	0.0	0.0	0.0	59.17780748663102	0.0	6.136363636363637	3.6029411764705883	1.1296791443850267	0.8088235294117647	0.3877005347593583	0.04679144385026738	0.013368983957219251	0.0066844919786096255	0.0	0.0	0.0	0.0	0.0	0.0	0.0	0.0	0.0	0.0	0.0	0.0	0.0	0.0	0.0	0.0	0.0	0.0	0.0	0.0	0.0	0.0	0.0	0.0	0.0	0.0	0.0	0.0	0.0	0.0	0.0	0.0	0.0	0.0	0.0	0.012552359076751049	0.0	0.004034210210388099	0.0056165572622763225	0.003747961899349963	0.004987357511570445	0.004654199037466181	0.0011574283449772307	0.0007583941309504003	0.0006077124648127385	0.0	0.0	0.0	0.0	0.0	0.0	0.0	0.0	0.0	0.0	0.0	0.0	0.0	0.0	0.0	0.0	0.0																																					
gf388c3	HDR20211211005752	2021-12-11 00:57:52	667.5	138.6	0.0	0.0	0.0	0.0	0.0	0.0	0.0	0.0	0.0	0.0	0.0	0.0	0.0	0.0	0.0	0.0	0.0	0.0	51.98412698412699	0.0	6.500721500721501	4.271284271284271	1.507936507936508	0.7287157287157288	0.2741702741702742	0.07215007215007216	0.043290043290043295	0.007215007215007215	0.0	0.007215007215007215	0.0	0.0	0.0	0.0	0.0	0.0	0.0	0.0	0.0	0.0	0.0	0.0	0.0	0.0	0.0	0.0	0.0	0.0	0.0	0.0	0.0	0.0	0.0	0.0	0.0	0.0	0.0	0.0	0.0	0.0	0.0	0.0	0.0	0.01102648874484913	0.0	0.004273748853097799	0.0068304846702163646	0.005016496459554044	0.004509008335716781	0.0034533701139376847	0.0016087505175456243	0.0020674870865792024	0.0005794421492037382	0.0	0.003043576270562634	0.0	0.0	0.0	0.0	0.0	0.0	0.0	0.0	0.0	0.0	0.0	0.0	0.0	0.0	0.0																																					
gf388c3	HDR20211211005752	2021-12-11 00:57:52	672.5	156.2	0.0	0.0	0.0	0.0	0.0	0.0	0.0	0.0	0.0	0.0	0.0	0.0	0.0	0.0	0.0	0.0	0.0	0.0	51.93982074263765	0.0	6.446862996158771	3.7387964148527533	1.2227912932138285	0.7874519846350833	0.31370038412291934	0.06402048655569782	0.07042253521126761	0.01920614596670935	0.006402048655569783	0.0	0.0	0.0	0.0	0.0	0.0	0.0	0.0	0.0	0.0	0.0	0.0	0.0	0.0	0.0	0.0	0.0	0.0	0.0	0.0	0.0	0.0	0.0	0.0	0.0	0.0	0.0	0.0	0.0	0.0	0.0	0.0	0.0	0.0	0.011017090832419862	0.0	0.004238340826145871	0.005980930714248048	0.004126302153984973	0.004856836634957835	0.0035424443905417327	0.0014906229954819682	0.0033188059148105465	0.0016903443701762506	0.0012658468257292549	0.0	0.0	0.0	0.0	0.0	0.0	0.0	0.0	0.0	0.0	0.0	0.0	0.0	0.0	0.0	0.0																																					
gf388c3	HDR20211211005752	2021-12-11 00:57:52	677.5	95.7	0.0	0.0	0.0	0.0	0.0	0.0	0.0	0.0	0.0	0.0	0.0	0.0	0.0	0.0	0.0	0.0	0.0	0.0	51.15987460815047	0.0	5.61128526645768	3.8557993730407523	1.2748171368861023	0.7732497387669801	0.44932079414838033	0.0522466039707419	0.01044932079414838	0.01044932079414838	0.01044932079414838	0.02089864158829676	0.01044932079414838	0.0	0.0	0.0	0.0	0.0	0.0	0.0	0.0	0.0	0.0	0.0	0.0	0.0	0.0	0.0	0.0	0.0	0.0	0.0	0.0	0.0	0.0	0.0	0.0	0.0	0.0	0.0	0.0	0.0	0.0	0.0	0.0	0.010851654423799642	0.0	0.003689009592130114	0.006093663352661777	0.004301696248875214	0.004551603551984962	0.005137537701107999	0.0013158115401382476	0.00036982338912960655	0.00135646650180297	0.0018168239095142332	0.00841012535015425	0.008410733850541747	0.0	0.0	0.0	0.0	0.0	0.0	0.0	0.0	0.0	0.0	0.0	0.0	0.0	0.0																																					
gf388c3	HDR20211211005752	2021-12-11 00:57:52	682.5	71.5	0.0	0.0	0.0	0.0	0.0	0.0	0.0	0.0	0.0	0.0	0.0	0.0	0.0	0.0	0.0	0.0	0.0	0.0	45.52447552447553	0.0	5.5524475524475525	3.762237762237762	1.4685314685314685	0.6993006993006993	0.3916083916083916	0.04195804195804196	0.027972027972027972	0.04195804195804196	0.0	0.0	0.0	0.0	0.0	0.0	0.0	0.0	0.0	0.0	0.0	0.0	0.0	0.0	0.0	0.0	0.0	0.0	0.0	0.0	0.0	0.0	0.0	0.0	0.0	0.0	0.0	0.0	0.0	0.0	0.0	0.0	0.0	0.0	0.0	0.009656315227512889	0.0	0.0036503280992001715	0.006064414246212091	0.004761823452955036	0.004097797936633806	0.004628788856402563	0.0009078012184031476	0.0011352375854937404	0.004144531671093251	0.0	0.0	0.0	0.0	0.0	0.0	0.0	0.0	0.0	0.0	0.0	0.0	0.0	0.0	0.0	0.0	0.0																																					
gf388c3	HDR20211211005752	2021-12-11 00:57:52	687.5	101.2	0.0	0.0	0.0	0.0	0.0	0.0	0.0	0.0	0.0	0.0	0.0	0.0	0.0	0.0	0.0	0.0	0.0	0.0	46.56126482213438	0.0	5.9980237154150196	3.6067193675889326	1.3339920948616601	0.6719367588932806	0.36561264822134387	0.019762845849802372	0.009881422924901186	0.0	0.0	0.0	0.0	0.0	0.0	0.0	0.0	0.0	0.0	0.0	0.0	0.0	0.0	0.0	0.0	0.0	0.0	0.0	0.0	0.0	0.0	0.0	0.0	0.0	0.0	0.0	0.0	0.0	0.0	0.0	0.0	0.0	0.0	0.0	0.0	0.009876231309298896	0.0	0.003943261832054069	0.005629137403165667	0.004384394426015367	0.004039775338331677	0.004451630588246018	0.000535890470840822	0.0006939129931627199	0.0	0.0	0.0	0.0	0.0	0.0	0.0	0.0	0.0	0.0	0.0	0.0	0.0	0.0	0.0	0.0	0.0	0.0																																					
gf388c3	HDR20211211005752	2021-12-11 00:57:52	692.5	159.5	0.0	0.0	0.0	0.0	0.0	0.0	0.0	0.0	0.0	0.0	0.0	0.0	0.0	0.0	0.0	0.0	0.0	0.0	47.172413793103445	0.0	6.112852664576803	3.554858934169279	1.2163009404388714	0.7899686520376176	0.3573667711598746	0.0438871473354232	0.03761755485893417	0.0	0.0	0.0	0.0	0.0	0.0	0.006269592476489028	0.0	0.0	0.0	0.0	0.0	0.0	0.0	0.0	0.0	0.0	0.0	0.0	0.0	0.0	0.0	0.0	0.0	0.0	0.0	0.0	0.0	0.0	0.0	0.0	0.0	0.0	0.0	0.0	0.0	0.010005863711356436	0.0	0.004018753466286996	0.00555863579033351	0.0041152100426146	0.0047478911914806314	0.004255287214613389	0.0011039543344950485	0.0016009272939051975	0.0	0.0	0.0	0.0	0.0	0.0	0.05026586307865659	0.0	0.0	0.0	0.0	0.0	0.0	0.0	0.0	0.0	0.0	0.0																																					
gf388c3	HDR20211211005752	2021-12-11 00:57:52	697.5	140.8	0.0	0.0	0.0	0.0	0.0	0.0	0.0	0.0	0.0	0.0	0.0	0.0	0.0	0.0	0.0	0.0	0.0	0.0	45.46164772727273	0.0	5.6321022727272725	3.7571022727272725	1.2926136363636362	0.8522727272727272	0.44034090909090906	0.08522727272727272	0.04261363636363636	0.0	0.0	0.0	0.0	0.0	0.0	0.0	0.0	0.0	0.0	0.0	0.0	0.0	0.0	0.0	0.0	0.0	0.0	0.0	0.0	0.0	0.0	0.0	0.0	0.0	0.0	0.0	0.0	0.0	0.0	0.0	0.0	0.0	0.0	0.0	0.0	0.009642988659598572	0.0	0.003702695250969633	0.005920475914984151	0.0043540561382377045	0.005239539995554662	0.005019744153649964	0.0020812371322396664	0.001902614648980255	0.0	0.0	0.0	0.0	0.0	0.0	0.0	0.0	0.0	0.0	0.0	0.0	0.0	0.0	0.0	0.0	0.0	0.0																																					
gf388c3	HDR20211211005752	2021-12-11 00:57:52	702.5	154.0	0.0	0.0	0.0	0.0	0.0	0.0	0.0	0.0	0.0	0.0	0.0	0.0	0.0	0.0	0.0	0.0	0.0	0.0	49.95454545454545	0.0	6.259740259740259	4.038961038961039	1.4675324675324675	0.7597402597402597	0.4935064935064935	0.1038961038961039	0.06493506493506493	0.012987012987012988	0.006493506493506494	0.0	0.0	0.0	0.0	0.0	0.0	0.0	0.0	0.0	0.0	0.0	0.0	0.0	0.0	0.0	0.0	0.0	0.0	0.0	0.0	0.0	0.0	0.0	0.0	0.0	0.0	0.0	0.0	0.0	0.0	0.0	0.0	0.0	0.0	0.010595988913631078	0.0	0.004115321315147226	0.00643531256201193	0.0049309980304952095	0.004509541096592078	0.006045485686942787	0.0024196806377144416	0.0036460933180463904	0.0010678031503180757	0.0009253635290147261	0.0	0.0	0.0	0.0	0.0	0.0	0.0	0.0	0.0	0.0	0.0	0.0	0.0	0.0	0.0	0.0																																					
gf388c3	HDR20211211005752	2021-12-11 00:57:52	707.5	123.2	0.0	0.0	0.0	0.0	0.0	0.0	0.0	0.0	0.0	0.0	0.0	0.0	0.0	0.0	0.0	0.0	0.0	0.0	56.70454545454545	0.0	5.982142857142857	3.425324675324675	1.2987012987012987	0.6493506493506493	0.3814935064935065	0.07305194805194805	0.048701298701298704	0.008116883116883116	0.0	0.0	0.0	0.0	0.0	0.0	0.0	0.0	0.0	0.0	0.0	0.0	0.0	0.0	0.0	0.0	0.0	0.0	0.0	0.0	0.0	0.0	0.0	0.0	0.0	0.0	0.0	0.0	0.0	0.0	0.0	0.0	0.0	0.0	0.0	0.012027749017065303	0.0	0.0039328213294391925	0.005448932442183659	0.004328598472397029	0.003893383945631127	0.00442901358922507	0.0017017842089877525	0.0018960218161340665	0.0008903823801171879	0.0	0.0	0.0	0.0	0.0	0.0	0.0	0.0	0.0	0.0	0.0	0.0	0.0	0.0	0.0	0.0	0.0																																					
gf388c3	HDR20211211005752	2021-12-11 00:57:52	712.5	115.5	0.0	0.0	0.0	0.0	0.0	0.0	0.0	0.0	0.0	0.0	0.0	0.0	0.0	0.0	0.0	0.0	0.0	0.0	62.38095238095238	0.0	6.424242424242424	4.0	1.2380952380952381	0.8311688311688312	0.4935064935064935	0.11255411255411256	0.017316017316017316	0.04329004329004329	0.0	0.0	0.0	0.0	0.0	0.0	0.0	0.0	0.0	0.0	0.0	0.0	0.0	0.0	0.0	0.0	0.0	0.0	0.0	0.0	0.0	0.0	0.0	0.0	0.0	0.0	0.0	0.0	0.0	0.0	0.0	0.0	0.0	0.0	0.0	0.013231786493818955	0.0	0.00422346945482606	0.006326178179260173	0.004229500282785051	0.0048788041258616575	0.005619659310276335	0.0026895300651018834	0.0009725977703716746	0.003973039303076572	0.0	0.0	0.0	0.0	0.0	0.0	0.0	0.0	0.0	0.0	0.0	0.0	0.0	0.0	0.0	0.0	0.0																																					
gf388c3	HDR20211211005752	2021-12-11 00:57:52	717.5	77.0	0.0	0.0	0.0	0.0	0.0	0.0	0.0	0.0	0.0	0.0	0.0	0.0	0.0	0.0	0.0	0.0	0.0	0.0	62.57142857142857	0.0	5.766233766233766	4.0519480519480515	1.3636363636363635	0.8441558441558441	0.45454545454545453	0.05194805194805195	0.025974025974025976	0.0	0.0	0.0	0.0	0.0	0.0	0.0	0.0	0.0	0.0	0.0	0.0	0.0	0.0	0.0	0.0	0.0	0.0	0.0	0.0	0.0	0.0	0.0	0.0	0.0	0.0	0.0	0.0	0.0	0.0	0.0	0.0	0.0	0.0	0.0	0.0	0.0132721888953268	0.0	0.0037908768961107224	0.006432029834989451	0.004606489744731001	0.005142339592961531	0.005528255931628144	0.0013195730379975258	0.0011636772268156569	0.0	0.0	0.0	0.0	0.0	0.0	0.0	0.0	0.0	0.0	0.0	0.0	0.0	0.0	0.0	0.0	0.0	0.0																																					
gf388c3	HDR20211211005752	2021-12-11 00:57:52	722.5	173.8	0.0	0.0	0.0	0.0	0.0	0.0	0.0	0.0	0.0	0.0	0.0	0.0	0.0	0.0	0.0	0.0	0.0	0.0	65.73647871116225	0.0	6.875719217491369	4.205983889528193	1.3233601841196776	0.811277330264672	0.47180667433831985	0.12082853855005753	0.04602991944764096	0.00575373993095512	0.0	0.0	0.00575373993095512	0.0	0.0	0.0	0.0	0.0	0.0	0.0	0.0	0.0	0.0	0.0	0.0	0.0	0.0	0.0	0.0	0.0	0.0	0.0	0.0	0.0	0.0	0.0	0.0	0.0	0.0	0.0	0.0	0.0	0.0	0.0	0.0	0.013943535934651185	0.0	0.004520282420453613	0.006558389596496971	0.004325625671535032	0.004949690686017731	0.005327812348964873	0.002992647989294955	0.0018936591521379281	0.0004424069339945401	0.0	0.0	0.005796593667894576	0.0	0.0	0.0	0.0	0.0	0.0	0.0	0.0	0.0	0.0	0.0	0.0	0.0	0.0																																					
gf388c3	HDR20211211005752	2021-12-11 00:57:52	727.5	127.6	0.0	0.0	0.0	0.0	0.0	0.0	0.0	0.0	0.0	0.0	0.0	0.0	0.0	0.0	0.0	0.0	0.0	0.0	82.31191222570533	0.0	6.434169278996865	4.169278996865204	1.426332288401254	0.8463949843260189	0.4780564263322884	0.12539184952978058	0.031347962382445145	0.0	0.0	0.0	0.0	0.0	0.0	0.0	0.0	0.0	0.0	0.0	0.0	0.0	0.0	0.0	0.0	0.0	0.0	0.0	0.0	0.0	0.0	0.0	0.0	0.0	0.0	0.0	0.0	0.0	0.0	0.0	0.0	0.0	0.0	0.0	0.0	0.0174593943647622	0.0	0.004229995635668748	0.006622729170112433	0.004677029850182564	0.005145665500957353	0.005481784906519132	0.003105847589075953	0.0017842497082747706	0.0	0.0	0.0	0.0	0.0	0.0	0.0	0.0	0.0	0.0	0.0	0.0	0.0	0.0	0.0	0.0	0.0	0.0																																					
gf388c3	HDR20211211005752	2021-12-11 00:57:52	732.5	143.0	0.0	0.0	0.0	0.0	0.0	0.0	0.0	0.0	0.0	0.0	0.0	0.0	0.0	0.0	0.0	0.0	0.0	0.0	71.65734265734265	0.0	6.461538461538462	3.7832167832167833	1.3776223776223777	0.6923076923076923	0.2867132867132867	0.11888111888111888	0.04195804195804196	0.006993006993006993	0.0	0.0	0.0	0.0	0.0	0.0	0.0	0.0	0.0	0.0	0.0	0.0	0.0	0.0	0.0	0.0	0.0	0.0	0.0	0.0	0.0	0.0	0.0	0.0	0.0	0.0	0.0	0.0	0.0	0.0	0.0	0.0	0.0	0.0	0.0	0.015199425827392405	0.0	0.004247988871109521	0.005925637349558095	0.004537848733406805	0.004047834356961082	0.0033472676565665495	0.0028548883513560015	0.0024297479240375365	0.0005376945813164411	0.0	0.0	0.0	0.0	0.0	0.0	0.0	0.0	0.0	0.0	0.0	0.0	0.0	0.0	0.0	0.0	0.0																																					
gf388c3	HDR20211211005752	2021-12-11 00:57:52	737.5	137.5	0.0	0.0	0.0	0.0	0.0	0.0	0.0	0.0	0.0	0.0	0.0	0.0	0.0	0.0	0.0	0.0	0.0	0.0	72.51636363636364	0.0	6.96	4.181818181818182	1.3890909090909092	0.7345454545454545	0.4218181818181818	0.05818181818181818	0.04363636363636364	0.007272727272727273	0.0	0.007272727272727273	0.0	0.0	0.0	0.0	0.0	0.0	0.0	0.0	0.0	0.0	0.0	0.0	0.0	0.0	0.0	0.0	0.0	0.0	0.0	0.0	0.0	0.0	0.0	0.0	0.0	0.0	0.0	0.0	0.0	0.0	0.0	0.0	0.0	0.015381635007507258	0.0	0.0045756908697379695	0.0065443612926240815	0.004694871108463555	0.0044941852309215895	0.004923043761852164	0.0012929906493858148	0.002021417710783993	0.0005347483666399854	0.0	0.0028331122730595047	0.0	0.0	0.0	0.0	0.0	0.0	0.0	0.0	0.0	0.0	0.0	0.0	0.0	0.0	0.0																																					
gf388c3	HDR20211211005752	2021-12-11 00:57:52	742.5	130.9	0.0	0.0	0.0	0.0	0.0	0.0	0.0	0.0	0.0	0.0	0.0	0.0	0.0	0.0	0.0	0.0	0.0	0.0	81.95569136745607	0.0	6.745607333842628	4.369747899159663	1.3598166539343008	0.9014514896867838	0.48128342245989303	0.07639419404125286	0.007639419404125286	0.0	0.0	0.0	0.007639419404125286	0.0	0.0	0.0	0.0	0.0	0.0	0.007639419404125286	0.0	0.0	0.0	0.0	0.0	0.0	0.0	0.0	0.0	0.0	0.0	0.0	0.0	0.0	0.0	0.0	0.0	0.0	0.0	0.0	0.0	0.0	0.0	0.0	0.0	0.01738383542952481	0.0	0.0044347433747559195	0.006990939230330737	0.004593734308501995	0.0056424568516775285	0.005622477204290403	0.0018721395504671247	0.0005364705493358843	0.0	0.0	0.0	0.006805236720559944	0.0	0.0	0.0	0.0	0.0	0.0	0.564858239787109	0.0	0.0	0.0	0.0	0.0	0.0	0.0																																					
gf388c3	HDR20211211005752	2021-12-11 00:57:52	747.5	111.1	0.0	0.0	0.0	0.0	0.0	0.0	0.0	0.0	0.0	0.0	0.0	0.0	0.0	0.0	0.0	0.0	0.0	0.0	68.92889288928893	0.0	6.912691269126913	4.122412241224122	1.2511251125112512	0.7560756075607561	0.36903690369036907	0.10801080108010802	0.018001800180018002	0.0	0.0	0.0	0.0	0.0	0.0	0.0	0.0	0.0	0.0	0.0	0.0	0.0	0.0	0.0	0.0	0.0	0.0	0.0	0.0	0.0	0.0	0.0	0.0	0.0	0.0	0.0	0.0	0.0	0.0	0.0	0.0	0.0	0.0	0.0	0.0	0.01462068723152223	0.0	0.004544588839865142	0.006537717006924043	0.00410844626602159	0.004695918246251362	0.004460363779389606	0.0025141395487858756	0.0006835587697806191	0.0	0.0	0.0	0.0	0.0	0.0	0.0	0.0	0.0	0.0	0.0	0.0	0.0	0.0	0.0	0.0	0.0	0.0																																					
gf388c3	HDR20211211005752	2021-12-11 00:57:52	752.5	92.4	0.0	0.0	0.0	0.0	0.0	0.0	0.0	0.0	0.0	0.0	0.0	0.0	0.0	0.0	0.0	0.0	0.0	0.0	60.83333333333333	0.0	6.028138528138528	3.896103896103896	1.3852813852813852	0.8658008658008658	0.4112554112554112	0.06493506493506493	0.010822510822510822	0.010822510822510822	0.0	0.0	0.0	0.0	0.0	0.0	0.0	0.0	0.0	0.0	0.0	0.0	0.0	0.0	0.0	0.0	0.0	0.0	0.0	0.0	0.0	0.0	0.0	0.0	0.0	0.0	0.0	0.0	0.0	0.0	0.0	0.0	0.0	0.0	0.0	0.01290351698156772	0.0	0.00396306011849413	0.006121085010236014	0.004667770756075391	0.005136541258410519	0.0047410323234915105	0.0015420950810653132	0.00046787626712243094	0.0009450535509250333	0.0	0.0	0.0	0.0	0.0	0.0	0.0	0.0	0.0	0.0	0.0	0.0	0.0	0.0	0.0	0.0	0.0																																					
gf388c3	HDR20211211005752	2021-12-11 00:57:52	757.5	106.7	0.0	0.0	0.0	0.0	0.0	0.0	0.0	0.0	0.0	0.0	0.0	0.0	0.0	0.0	0.0	0.0	0.0	0.0	55.051546391752574	0.0	6.8791002811621365	4.320524835988754	1.4058106841611997	0.8528584817244611	0.3467666354264292	0.15932521087160262	0.00937207122774133	0.0	0.0	0.0	0.0	0.0	0.0	0.0	0.0	0.0	0.0	0.0	0.0	0.0	0.0	0.0	0.0	0.0	0.0	0.0	0.0	0.0	0.0	0.0	0.0	0.0	0.0	0.0	0.0	0.0	0.0	0.0	0.0	0.0	0.0	0.0	0.0	0.011677127074973304	0.0	0.004522505222489294	0.006900380973228612	0.004723103313935519	0.00513876654100952	0.004485234172410412	0.0038459410031879276	0.00040517120039468247	0.0	0.0	0.0	0.0	0.0	0.0	0.0	0.0	0.0	0.0	0.0	0.0	0.0	0.0	0.0	0.0	0.0	0.0																																					
gf388c3	HDR20211211005752	2021-12-11 00:57:52	762.5	150.7	0.0	0.0	0.0	0.0	0.0	0.0	0.0	0.0	0.0	0.0	0.0	0.0	0.0	0.0	0.0	0.0	0.0	0.0	51.008626410086265	0.0	6.071665560716656	4.107498341074984	1.2276045122760453	0.8626410086264101	0.41804910418049107	0.07962840079628401	0.03317850033178501	0.0	0.0	0.0	0.0	0.0	0.0	0.0	0.0	0.0	0.0	0.0	0.0	0.0	0.0	0.0	0.0	0.0	0.0	0.0	0.0	0.0	0.0	0.0	0.0	0.0	0.0	0.0	0.0	0.0	0.0	0.0	0.0	0.0	0.0	0.0	0.0	0.01081957277406562	0.0	0.003991675958372654	0.006530602056936286	0.004092685215117171	0.005207060587089066	0.0050525248640598125	0.001836430209426991	0.0015900051164454722	0.0	0.0	0.0	0.0	0.0	0.0	0.0	0.0	0.0	0.0	0.0	0.0	0.0	0.0	0.0	0.0	0.0	0.0																																					
gf388c3	HDR20211211005752	2021-12-11 00:57:52	767.5	110.0	0.0	0.0	0.0	0.0	0.0	0.0	0.0	0.0	0.0	0.0	0.0	0.0	0.0	0.0	0.0	0.0	0.0	0.0	48.13636363636363	0.0	5.6454545454545455	4.036363636363636	1.309090909090909	0.9272727272727272	0.43636363636363634	0.08181818181818182	0.01818181818181818	0.01818181818181818	0.0	0.00909090909090909	0.0	0.0	0.0	0.0	0.0	0.0	0.0	0.0	0.0	0.0	0.0	0.0	0.0	0.0	0.0	0.0	0.0	0.0	0.0	0.0	0.0	0.0	0.0	0.0	0.0	0.0	0.0	0.0	0.0	0.0	0.0	0.0	0.0	0.010210329626510747	0.0	0.0037114733935570514	0.006447867363798345	0.004402958515935562	0.0054559850539268985	0.004964037346672067	0.0019512022545487356	0.000666634714730847	0.0015254919078566977	0.0	0.004137391907416045	0.0	0.0	0.0	0.0	0.0	0.0	0.0	0.0	0.0	0.0	0.0	0.0	0.0	0.0	0.0																																					
gf388c3	HDR20211211005752	2021-12-11 00:57:52	772.5	151.8	0.0	0.0	0.0	0.0	0.0	0.0	0.0	0.0	0.0	0.0	0.0	0.0	0.0	0.0	0.0	0.0	0.0	0.0	48.768115942028984	0.0	6.442687747035572	3.913043478260869	1.343873517786561	0.836627140974967	0.3820816864295125	0.14492753623188404	0.0	0.0	0.0	0.0	0.0	0.0	0.0	0.0	0.0	0.0	0.0	0.0	0.0	0.0	0.0	0.0	0.0	0.0	0.0	0.0	0.0	0.0	0.0	0.0	0.0	0.0	0.0	0.0	0.0	0.0	0.0	0.0	0.0	0.0	0.0	0.0	0.0	0.010344332255622484	0.0	0.004235595905270597	0.006213081353925124	0.004443504739296958	0.004999085786801426	0.004546455953204612	0.0036969314308385364	0.0	0.0	0.0	0.0	0.0	0.0	0.0	0.0	0.0	0.0	0.0	0.0	0.0	0.0	0.0	0.0	0.0	0.0	0.0																																					
gf388c3	HDR20211211005752	2021-12-11 00:57:52	777.5	128.7	0.0	0.0	0.0	0.0	0.0	0.0	0.0	0.0	0.0	0.0	0.0	0.0	0.0	0.0	0.0	0.0	0.0	0.0	46.09168609168609	0.0	5.835275835275835	3.9160839160839163	1.4296814296814297	0.9013209013209014	0.4273504273504274	0.09324009324009325	0.031080031080031083	0.023310023310023312	0.007770007770007771	0.007770007770007771	0.0	0.0	0.0	0.0	0.0	0.0	0.0	0.0	0.0	0.0	0.0	0.0	0.0	0.0	0.0	0.0	0.0	0.0	0.0	0.0	0.0	0.0	0.0	0.0	0.0	0.0	0.0	0.0	0.0	0.0	0.0	0.0	0.0	0.009776627740161538	0.0	0.0038362670060164143	0.006217729159961428	0.004824782500597664	0.005383813142811846	0.004884304522793756	0.002172606783444387	0.0015926878955935845	0.002457834428106283	0.0011409322230790362	0.002736103954619169	0.0	0.0	0.0	0.0	0.0	0.0	0.0	0.0	0.0	0.0	0.0	0.0	0.0	0.0	0.0																																					
gf388c3	HDR20211211005752	2021-12-11 00:57:52	782.5	150.7	0.0	0.0	0.0	0.0	0.0	0.0	0.0	0.0	0.0	0.0	0.0	0.0	0.0	0.0	0.0	0.0	0.0	0.0	48.04246848042469	0.0	6.343729263437293	3.8951559389515595	1.2806901128069013	0.9489051094890512	0.3715992037159921	0.05972130059721301	0.026542800265428004	0.006635700066357001	0.0	0.013271400132714002	0.0	0.0	0.0	0.0	0.0	0.0	0.0	0.0	0.0	0.0	0.0	0.0	0.0	0.0	0.0	0.0	0.0	0.0	0.0	0.0	0.0	0.0	0.0	0.0	0.0	0.0	0.0	0.0	0.0	0.0	0.0	0.0	0.0	0.010190413280113839	0.0	0.004170537941206838	0.006168850101974032	0.004282097765670221	0.005784687958565475	0.004311635423212976	0.0014247087605873598	0.0011865503170483754	0.0007539055413422777	0.0	0.004005376799396873	0.0	0.0	0.0	0.0	0.0	0.0	0.0	0.0	0.0	0.0	0.0	0.0	0.0	0.0	0.0																																					
gf388c3	HDR20211211005752	2021-12-11 00:57:52	787.5	101.2	0.0	0.0	0.0	0.0	0.0	0.0	0.0	0.0	0.0	0.0	0.0	0.0	0.0	0.0	0.0	0.0	0.0	0.0	48.26086956521739	0.0	5.701581027667984	4.061264822134388	1.6205533596837944	0.8893280632411067	0.3458498023715415	0.029644268774703556	0.009881422924901186	0.0	0.0	0.0	0.0	0.0	0.0	0.0	0.0	0.0	0.0	0.0	0.0	0.0	0.0	0.0	0.0	0.0	0.0	0.0	0.0	0.0	0.0	0.0	0.0	0.0	0.0	0.0	0.0	0.0	0.0	0.0	0.0	0.0	0.0	0.0	0.0	0.010236738903780943	0.0	0.0037483724499097156	0.006419544073394516	0.00531521688094141	0.005382093710309698	0.003969036906609062	0.0007465026124200141	0.0005692306224848571	0.0	0.0	0.0	0.0	0.0	0.0	0.0	0.0	0.0	0.0	0.0	0.0	0.0	0.0	0.0	0.0	0.0	0.0																																					
gf388c3	HDR20211211005752	2021-12-11 00:57:52	792.5	144.1	0.0	0.0	0.0	0.0	0.0	0.0	0.0	0.0	0.0	0.0	0.0	0.0	0.0	0.0	0.0	0.0	0.0	0.0	56.446911866759194	0.0	6.446911866759195	4.205412907702984	1.31852879944483	0.6523247744621791	0.2914642609299098	0.06939625260235947	0.013879250520471896	0.006939625260235948	0.0	0.0	0.0	0.0	0.0	0.0	0.0	0.0	0.0	0.0	0.0	0.0	0.0	0.0	0.0	0.0	0.0	0.0	0.0	0.0	0.0	0.0	0.0	0.0	0.0	0.0	0.0	0.0	0.0	0.0	0.0	0.0	0.0	0.0	0.0	0.011973101684873158	0.0	0.004238372954990721	0.0066140980182304455	0.0043677932275973845	0.003981553130349584	0.0034743459693713768	0.001686014416129091	0.000717077393256291	0.0006309075970574995	0.0	0.0	0.0	0.0	0.0	0.0	0.0	0.0	0.0	0.0	0.0	0.0	0.0	0.0	0.0	0.0	0.0																																					
gf388c3	HDR20211211005752	2021-12-11 00:57:52	797.5	158.4	0.0	0.0	0.0	0.0	0.0	0.0	0.0	0.0	0.0	0.0	0.0	0.0	0.0	0.0	0.0	0.0	0.0	0.0	59.45075757575757	0.0	6.180555555555555	4.198232323232323	1.39520202020202	0.9027777777777778	0.4797979797979798	0.06944444444444445	0.025252525252525252	0.006313131313131313	0.0	0.0	0.0	0.0	0.0	0.0	0.0	0.0	0.0	0.0	0.0	0.0	0.0	0.0	0.0	0.0	0.0	0.0	0.0	0.0	0.0	0.0	0.0	0.0	0.0	0.0	0.0	0.0	0.0	0.0	0.0	0.0	0.0	0.0	0.0	0.012610255231986637	0.0	0.004063263164578137	0.006785602811388144	0.00461161779758247	0.005465094829593781	0.005434319449219059	0.0015312525265119953	0.0010087839651157916	0.0005739506612120307	0.0	0.0	0.0	0.0	0.0	0.0	0.0	0.0	0.0	0.0	0.0	0.0	0.0	0.0	0.0	0.0	0.0																																					
gf388c3	HDR20211211005752	2021-12-11 00:57:52	802.5	121.0	0.0	0.0	0.0	0.0	0.0	0.0	0.0	0.0	0.0	0.0	0.0	0.0	0.0	0.0	0.0	0.0	0.0	0.0	66.25619834710744	0.0	6.074380165289257	4.024793388429752	1.2396694214876034	0.9504132231404959	0.4297520661157025	0.12396694214876033	0.04132231404958678	0.0	0.008264462809917356	0.008264462809917356	0.0	0.0	0.0	0.0	0.0	0.0	0.0	0.0	0.0	0.0	0.0	0.0	0.0	0.0	0.0	0.0	0.0	0.0	0.0	0.0	0.0	0.0	0.0	0.0	0.0	0.0	0.0	0.0	0.0	0.0	0.0	0.0	0.0	0.014053775022016766	0.0	0.003993460612303372	0.0064911739361994325	0.004106119478247265	0.005756829420242274	0.00506207676901145	0.0030293503540785678	0.0019933674292962654	0.0	0.0016746929471435942	0.0030119500524976826	0.0	0.0	0.0	0.0	0.0	0.0	0.0	0.0	0.0	0.0	0.0	0.0	0.0	0.0	0.0																																					
gf388c3	HDR20211211005752	2021-12-11 00:57:52	807.5	149.6	0.0	0.0	0.0	0.0	0.0	0.0	0.0	0.0	0.0	0.0	0.0	0.0	0.0	0.0	0.0	0.0	0.0	0.0	75.3409090909091	0.0	6.804812834224599	4.024064171122995	1.4237967914438503	0.8622994652406417	0.5013368983957219	0.07352941176470588	0.013368983957219251	0.0066844919786096255	0.0	0.0	0.0066844919786096255	0.0	0.0	0.0	0.0	0.0	0.0	0.0	0.0	0.0	0.0	0.0	0.0	0.0	0.0	0.0	0.0	0.0	0.0	0.0	0.0	0.0	0.0	0.0	0.0	0.0	0.0	0.0	0.0	0.0	0.0	0.0	0.0	0.015980756710048692	0.0	0.004473666660321444	0.006255209154557319	0.004753230056285371	0.005182514026851358	0.005932753444485104	0.0016198008243486605	0.0007316801042821099	0.000681945484625392	0.0	0.0	0.004096486668397231	0.0	0.0	0.0	0.0	0.0	0.0	0.0	0.0	0.0	0.0	0.0	0.0	0.0	0.0																																					
gf388c3	HDR20211211005752	2021-12-11 00:57:52	812.5	156.2	0.0	0.0	0.0	0.0	0.0	0.0	0.0	0.0	0.0	0.0	0.0	0.0	0.0	0.0	0.0	0.0	0.0	0.0	73.90524967989758	0.0	6.658130601792574	4.289372599231754	1.293213828425096	0.6402048655569783	0.3905249679897568	0.0768245838668374	0.006402048655569783	0.01920614596670935	0.0	0.006402048655569783	0.0	0.012804097311139566	0.0	0.0	0.0	0.0	0.0	0.0	0.0	0.0	0.0	0.0	0.0	0.0	0.0	0.0	0.0	0.0	0.0	0.0	0.0	0.0	0.0	0.0	0.0	0.0	0.0	0.0	0.0	0.0	0.0	0.0	0.0	0.015676235248299628	0.0	0.004377233822434663	0.006706898886557878	0.004345852672200116	0.0038431581679197607	0.004643693520526978	0.0018465071896443391	0.0003495806147815548	0.0020938481267166183	0.0	0.0029570083811880556	0.0	0.022510908673242645	0.0	0.0	0.0	0.0	0.0	0.0	0.0	0.0	0.0	0.0	0.0	0.0	0.0																																					
gf388c3	HDR20211211005752	2021-12-11 00:57:52	817.5	123.2	0.0	0.0	0.0	0.0	0.0	0.0	0.0	0.0	0.0	0.0	0.0	0.0	0.0	0.0	0.0	0.0	0.0	0.0	63.173701298701296	0.0	6.753246753246753	4.204545454545454	1.5909090909090908	1.030844155844156	0.487012987012987	0.08116883116883117	0.032467532467532464	0.0	0.0	0.0	0.0	0.0	0.0	0.0	0.0	0.0	0.0	0.0	0.0	0.0	0.0	0.0	0.0	0.0	0.0	0.0	0.0	0.0	0.0	0.0	0.0	0.0	0.0	0.0	0.0	0.0	0.0	0.0	0.0	0.0	0.0	0.0	0.0	0.013399938534185411	0.0	0.004439765734183728	0.0067330538600426084	0.005284589714800024	0.0062841752260586695	0.0058836009618414295	0.001916987862593359	0.0015612613729922478	0.0	0.0	0.0	0.0	0.0	0.0	0.0	0.0	0.0	0.0	0.0	0.0	0.0	0.0	0.0	0.0	0.0	0.0																																					
gf388c3	HDR20211211005752	2021-12-11 00:57:52	822.5	97.9	0.0	0.0	0.0	0.0	0.0	0.0	0.0	0.0	0.0	0.0	0.0	0.0	0.0	0.0	0.0	0.0	0.0	0.0	57.49744637385086	0.0	6.578140960163432	4.3309499489274765	1.3891726251276812	0.6537282941777324	0.4800817160367722	0.15321756894790603	0.051072522982635336	0.020429009193054137	0.0	0.010214504596527068	0.0	0.0	0.0	0.0	0.0	0.0	0.0	0.0	0.0	0.0	0.0	0.0	0.0	0.0	0.0	0.0	0.0	0.0	0.0	0.0	0.0	0.0	0.0	0.0	0.0	0.0	0.0	0.0	0.0	0.0	0.0	0.0	0.0	0.012195933298878314	0.0	0.004324646484377755	0.006883113613077198	0.00464519493792933	0.0038979936133412426	0.005635304422402734	0.003900389387730659	0.0025393652645089677	0.0019729629456599405	0.0	0.004044233979973269	0.0	0.0	0.0	0.0	0.0	0.0	0.0	0.0	0.0	0.0	0.0	0.0	0.0	0.0	0.0																																					
gf388c3	HDR20211211005752	2021-12-11 00:57:52	827.5	158.4	0.0	0.0	0.0	0.0	0.0	0.0	0.0	0.0	0.0	0.0	0.0	0.0	0.0	0.0	0.0	0.0	0.0	0.0	58.01136363636363	0.0	7.083333333333333	4.179292929292929	1.351010101010101	0.8712121212121212	0.46085858585858586	0.06313131313131314	0.012626262626262626	0.006313131313131313	0.006313131313131313	0.0	0.0	0.0	0.0	0.0	0.0	0.0	0.0	0.0	0.0	0.0	0.0	0.0	0.0	0.0	0.0	0.0	0.0	0.0	0.0	0.0	0.0	0.0	0.0	0.0	0.0	0.0	0.0	0.0	0.0	0.0	0.0	0.0	0.0	0.012304941629683042	0.0	0.0046567735144603375	0.006640973360351684	0.004475594270417308	0.005300184887396891	0.005732725236333532	0.0017018012983982841	0.0004963627867538886	0.0008726287665312811	0.0008996589865420948	0.0	0.0	0.0	0.0	0.0	0.0	0.0	0.0	0.0	0.0	0.0	0.0	0.0	0.0	0.0	0.0																																					
gf388c3	HDR20211211005752	2021-12-11 00:57:52	832.5	111.1	0.0	0.0	0.0	0.0	0.0	0.0	0.0	0.0	0.0	0.0	0.0	0.0	0.0	0.0	0.0	0.0	0.0	0.0	56.39063906390639	0.0	5.94959495949595	3.8433843384338435	1.5301530153015301	0.9540954095409542	0.5310531053105311	0.126012601260126	0.05400540054005401	0.018001800180018002	0.009000900090009001	0.0	0.0	0.0	0.0	0.0	0.0	0.0	0.0	0.0	0.0	0.0	0.0	0.0	0.0	0.0	0.0	0.0	0.0	0.0	0.0	0.0	0.0	0.0	0.0	0.0	0.0	0.0	0.0	0.0	0.0	0.0	0.0	0.0	0.0	0.011961165513905298	0.0	0.0039114234676443475	0.006092852115516931	0.005073158604527398	0.005978862993439914	0.006587130890725063	0.0030823486093048418	0.0022477319329995056	0.0017147064825250434	0.0015233344556467901	0.0	0.0	0.0	0.0	0.0	0.0	0.0	0.0	0.0	0.0	0.0	0.0	0.0	0.0	0.0	0.0																																					
gf388c3	HDR20211211005752	2021-12-11 00:57:52	837.5	128.7	0.0	0.0	0.0	0.0	0.0	0.0	0.0	0.0	0.0	0.0	0.0	0.0	0.0	0.0	0.0	0.0	0.0	0.0	53.86946386946387	0.0	6.192696192696193	3.9937839937839943	1.28982128982129	0.7070707070707072	0.3496503496503497	0.11655011655011656	0.031080031080031083	0.0	0.015540015540015542	0.0	0.0	0.0	0.0	0.0	0.0	0.0	0.0	0.0	0.0	0.0	0.0	0.0	0.0	0.0	0.0	0.0	0.0	0.0	0.0	0.0	0.0	0.0	0.0	0.0	0.0	0.0	0.0	0.0	0.0	0.0	0.0	0.0	0.0	0.01142639246839851	0.0	0.004071244745399578	0.006346393390513257	0.004311933026930023	0.004270745130997749	0.004084524343387903	0.002630026548603731	0.0013472557261917553	0.0	0.0031507709507166623	0.0	0.0	0.0	0.0	0.0	0.0	0.0	0.0	0.0	0.0	0.0	0.0	0.0	0.0	0.0	0.0																																					
gf388c3	HDR20211211005752	2021-12-11 00:57:52	842.5	93.5	0.0	0.0	0.0	0.0	0.0	0.0	0.0	0.0	0.0	0.0	0.0	0.0	0.0	0.0	0.0	0.0	0.0	0.0	49.72192513368984	0.0	5.540106951871658	3.251336898395722	1.0802139037433156	0.7700534759358288	0.27807486631016043	0.0427807486631016	0.03208556149732621	0.0	0.0	0.0	0.0	0.0	0.0	0.0	0.0	0.0	0.0	0.0	0.0	0.0	0.0	0.0	0.0	0.0	0.0	0.0	0.0	0.0	0.0	0.0	0.0	0.0	0.0	0.0	0.0	0.0	0.0	0.0	0.0	0.0	0.0	0.0	0.0	0.010546647210720093	0.0	0.0036422150570475566	0.005122621842907796	0.003624629980943166	0.004670187447866913	0.003152750626534796	0.0010681032938258759	0.0016166956597669848	0.0	0.0	0.0	0.0	0.0	0.0	0.0	0.0	0.0	0.0	0.0	0.0	0.0	0.0	0.0	0.0	0.0	0.0																																					
gf388c3	HDR20211211005752	2021-12-11 00:57:52	847.5	141.9	0.0	0.0	0.0	0.0	0.0	0.0	0.0	0.0	0.0	0.0	0.0	0.0	0.0	0.0	0.0	0.0	0.0	0.0	45.16560958421423	0.0	5.5320648343904155	3.4038054968287526	1.113460183227625	0.5285412262156448	0.23255813953488372	0.06342494714587738	0.00704721634954193	0.0	0.0	0.0	0.0	0.0	0.0	0.0	0.0	0.0	0.0	0.0	0.0	0.0	0.0	0.0	0.0	0.0	0.0	0.0	0.0	0.0	0.0	0.0	0.0	0.0	0.0	0.0	0.0	0.0	0.0	0.0	0.0	0.0	0.0	0.0	0.0	0.009580195237031774	0.0	0.0036369279530917694	0.005359303008197092	0.0037096639125972467	0.003174480327767244	0.002916418013587092	0.0013892774497973653	0.00042755191186619196	0.0	0.0	0.0	0.0	0.0	0.0	0.0	0.0	0.0	0.0	0.0	0.0	0.0	0.0	0.0	0.0	0.0	0.0																																					
gf388c3	HDR20211211005752	2021-12-11 00:57:52	852.5	102.3	0.0	0.0	0.0	0.0	0.0	0.0	0.0	0.0	0.0	0.0	0.0	0.0	0.0	0.0	0.0	0.0	0.0	0.0	41.03616813294233	0.0	5.259042033235581	3.6950146627565985	1.1827956989247312	0.6842619745845553	0.3812316715542522	0.06842619745845553	0.05865102639296188	0.019550342130987292	0.0	0.0	0.0	0.0	0.0	0.0	0.0	0.0	0.0	0.0	0.0	0.0	0.0	0.0	0.0	0.0	0.0	0.0	0.0	0.0	0.0	0.0	0.0	0.0	0.0	0.0	0.0	0.0	0.0	0.0	0.0	0.0	0.0	0.0	0.0	0.008704288641565307	0.0	0.0034574354331960142	0.005842473362159962	0.003906080953524398	0.004021107831959401	0.004469148368450818	0.0016549261354766372	0.003020002752588365	0.0021702131127566	0.0	0.0	0.0	0.0	0.0	0.0	0.0	0.0	0.0	0.0	0.0	0.0	0.0	0.0	0.0	0.0	0.0																																					
gf388c3	HDR20211211005752	2021-12-11 00:57:52	857.5	163.9	0.0	0.0	0.0	0.0	0.0	0.0	0.0	0.0	0.0	0.0	0.0	0.0	0.0	0.0	0.0	0.0	0.0	0.0	38.45637583892617	0.0	5.3813300793166565	3.5692495424039046	1.1714460036607688	0.5796217205613179	0.2989627821842587	0.06101281269066504	0.03050640634533252	0.0	0.0	0.0	0.0	0.0	0.0	0.0	0.0	0.0	0.0	0.0	0.0	0.0	0.0	0.0	0.0	0.0	0.0	0.0	0.0	0.0	0.0	0.0	0.0	0.0	0.0	0.0	0.0	0.0	0.0	0.0	0.0	0.0	0.0	0.0	0.0	0.008157082170199472	0.0	0.0035378308780137247	0.005861440563611193	0.0038759282839369246	0.003422186300293999	0.0035912707093944877	0.0014528643063249547	0.0014518162451403272	0.0	0.0	0.0	0.0	0.0	0.0	0.0	0.0	0.0	0.0	0.0	0.0	0.0	0.0	0.0	0.0	0.0	0.0																																					
gf388c3	HDR20211211005752	2021-12-11 00:57:52	862.5	129.8	0.0	0.0	0.0	0.0	0.0	0.0	0.0	0.0	0.0	0.0	0.0	0.0	0.0	0.0	0.0	0.0	0.0	0.0	36.887519260400616	0.0	5.6240369799691825	3.505392912172573	1.0708782742681047	0.8243451463790447	0.3929121725731895	0.09244992295839753	0.015408320493066254	0.007704160246533127	0.0	0.0	0.0	0.0	0.0	0.0	0.0	0.0	0.0	0.0	0.0	0.0	0.0	0.0	0.0	0.0	0.0	0.0	0.0	0.0	0.0	0.0	0.0	0.0	0.0	0.0	0.0	0.0	0.0	0.0	0.0	0.0	0.0	0.0	0.0	0.007824307909881955	0.0	0.003697392910964611	0.005519337974537978	0.0036653283391327412	0.005027280582431255	0.004867783137021042	0.0022209822858320783	0.0007522622913435107	0.0009683020208816665	0.0	0.0	0.0	0.0	0.0	0.0	0.0	0.0	0.0	0.0	0.0	0.0	0.0	0.0	0.0	0.0	0.0																																					
gf388c3	HDR20211211005752	2021-12-11 00:57:52	867.5	85.8	0.0	0.0	0.0	0.0	0.0	0.0	0.0	0.0	0.0	0.0	0.0	0.0	0.0	0.0	0.0	0.0	0.0	0.0	37.06293706293707	0.0	5.547785547785548	3.4382284382284385	1.3986013986013985	0.7575757575757576	0.5361305361305362	0.046620046620046623	0.03496503496503497	0.011655011655011656	0.0	0.0	0.0	0.0	0.0	0.0	0.0	0.0	0.0	0.0	0.0	0.0	0.0	0.0	0.0	0.0	0.0	0.0	0.0	0.0	0.0	0.0	0.0	0.0	0.0	0.0	0.0	0.0	0.0	0.0	0.0	0.0	0.0	0.0	0.0	0.00786151623745289	0.0	0.00364726317216474	0.005466486351045291	0.004788911354117815	0.004523692237715319	0.0059239029404659855	0.0010329938774416938	0.0021619825551370485	0.0008569685362820281	0.0	0.0	0.0	0.0	0.0	0.0	0.0	0.0	0.0	0.0	0.0	0.0	0.0	0.0	0.0	0.0	0.0																																					
gf388c3	HDR20211211005752	2021-12-11 00:57:52	872.5	99.0	0.0	0.0	0.0	0.0	0.0	0.0	0.0	0.0	0.0	0.0	0.0	0.0	0.0	0.0	0.0	0.0	0.0	0.0	38.57575757575758	0.0	5.4646464646464645	3.4343434343434343	1.2323232323232323	0.696969696969697	0.42424242424242425	0.08080808080808081	0.050505050505050504	0.030303030303030304	0.0	0.0	0.0	0.0	0.0	0.0	0.0	0.0	0.0	0.0	0.0	0.0	0.0	0.0	0.0	0.0	0.0	0.0	0.0	0.0	0.0	0.0	0.0	0.0	0.0	0.0	0.0	0.0	0.0	0.0	0.0	0.0	0.0	0.0	0.0	0.008182404541736344	0.0	0.003592605306699526	0.005409333008146056	0.004219905220051245	0.004111190797744551	0.004815738472288254	0.002127188407338387	0.0021392993045781503	0.0025799116559810215	0.0	0.0	0.0	0.0	0.0	0.0	0.0	0.0	0.0	0.0	0.0	0.0	0.0	0.0	0.0	0.0	0.0																																					
gf388c3	HDR20211211005752	2021-12-11 00:57:52	877.5	95.7	0.0	0.0	0.0	0.0	0.0	0.0	0.0	0.0	0.0	0.0	0.0	0.0	0.0	0.0	0.0	0.0	0.0	0.0	41.2748171368861	0.0	5.569487983281086	3.5318704284221525	1.09717868338558	0.7628004179728317	0.3657262277951933	0.06269592476489028	0.04179728317659352	0.01044932079414838	0.0	0.0	0.0	0.0	0.0	0.0	0.0	0.0	0.0	0.0	0.0	0.0	0.0	0.0	0.0	0.0	0.0	0.0	0.0	0.0	0.0	0.0	0.0	0.0	0.0	0.0	0.0	0.0	0.0	0.0	0.0	0.0	0.0	0.0	0.0	0.00875490910416842	0.0	0.003661530935950374	0.005609122039906943	0.003610786642557099	0.004654664269724194	0.004510719523798257	0.00149517337008962	0.0021088169016630297	0.0009499873013164646	0.0	0.0	0.0	0.0	0.0	0.0	0.0	0.0	0.0	0.0	0.0	0.0	0.0	0.0	0.0	0.0	0.0																																					
gf388c3	HDR20211211005752	2021-12-11 00:57:52	882.5	185.9	0.0	0.0	0.0	0.0	0.0	0.0	0.0	0.0	0.0	0.0	0.0	0.0	0.0	0.0	0.0	0.0	0.0	0.0	48.24636901559978	0.0	6.277568585260893	3.8138784292630445	1.3340505648197956	0.8606777837547068	0.521785906401291	0.129101667563206	0.0322754168908015	0.010758472296933835	0.0	0.0	0.0	0.0	0.0	0.0	0.0	0.0	0.0	0.0	0.0	0.0	0.0	0.0	0.0	0.0	0.0	0.0	0.0	0.0	0.0	0.0	0.0	0.0	0.0	0.0	0.0	0.0	0.0	0.0	0.0	0.0	0.0	0.0	0.0	0.010233663154385335	0.0	0.00412704213501899	0.005960188006131079	0.004448331886096755	0.005270733229758773	0.0061771649910374775	0.002895828322769895	0.001523207298335392	0.001057447283074818	0.0	0.0	0.0	0.0	0.0	0.0	0.0	0.0	0.0	0.0	0.0	0.0	0.0	0.0	0.0	0.0	0.0																																					
gf388c3	HDR20211211005752	2021-12-11 00:57:52	887.5	81.4	0.0	0.0	0.0	0.0	0.0	0.0	0.0	0.0	0.0	0.0	0.0	0.0	0.0	0.0	0.0	0.0	0.0	0.0	59.55773955773955	0.0	5.454545454545454	3.7837837837837833	1.3882063882063882	0.9213759213759213	0.4791154791154791	0.06142506142506142	0.036855036855036855	0.012285012285012284	0.0	0.0	0.0	0.0	0.0	0.0	0.0	0.0	0.0	0.0	0.0	0.0	0.0	0.0	0.0	0.0	0.0	0.0	0.0	0.0	0.0	0.0	0.0	0.0	0.0	0.0	0.0	0.0	0.0	0.0	0.0	0.0	0.0	0.0	0.0	0.012632947459184876	0.0	0.0035859646314560885	0.006040498138944376	0.004645728217520913	0.0054516734194312	0.005913228128329412	0.0014080441945314764	0.0017322873659394835	0.001300124376838269	0.0	0.0	0.0	0.0	0.0	0.0	0.0	0.0	0.0	0.0	0.0	0.0	0.0	0.0	0.0	0.0	0.0																																					
gf388c3	HDR20211211005752	2021-12-11 00:57:52	892.5	79.2	0.0	0.0	0.0	0.0	0.0	0.0	0.0	0.0	0.0	0.0	0.0	0.0	0.0	0.0	0.0	0.0	0.0	0.0	63.358585858585855	0.0	6.111111111111111	4.191919191919192	1.148989898989899	0.7828282828282828	0.35353535353535354	0.12626262626262627	0.012626262626262626	0.0	0.0	0.0	0.0	0.0	0.0	0.012626262626262626	0.0	0.0	0.0	0.0	0.0	0.0	0.0	0.0	0.0	0.0	0.0	0.0	0.0	0.0	0.0	0.0	0.0	0.0	0.0	0.0	0.0	0.0	0.0	0.0	0.0	0.0	0.0	0.0	0.0	0.013439154880345958	0.0	0.004017608522279507	0.0066715210888665215	0.00387027212287796	0.004807115658076719	0.004147191484652221	0.0027077084717164043	0.0006523412396984313	0.0	0.0	0.0	0.0	0.0	0.0	0.07410307433808756	0.0	0.0	0.0	0.0	0.0	0.0	0.0	0.0	0.0	0.0	0.0																																					
gf388c3	HDR20211211005752	2021-12-11 00:57:52	897.5	68.2	0.0	0.0	0.0	0.0	0.0	0.0	0.0	0.0	0.0	0.0	0.0	0.0	0.0	0.0	0.0	0.0	0.0	0.0	61.31964809384164	0.0	5.63049853372434	3.196480938416422	0.9090909090909091	0.7331378299120235	0.3812316715542522	0.16129032258064516	0.029325513196480937	0.0	0.014662756598240468	0.0	0.0	0.0	0.0	0.0	0.0	0.0	0.0	0.0	0.0	0.0	0.0	0.0	0.0	0.0	0.0	0.0	0.0	0.0	0.0	0.0	0.0	0.0	0.0	0.0	0.0	0.0	0.0	0.0	0.0	0.0	0.0	0.0	0.0	0.013006670473687271	0.0	0.0037016409098901562	0.005102772293549865	0.0031132891450647935	0.00463292341063415	0.004567430653980479	0.003621719105219582	0.0015010457020736376	0.0	0.0035717585320780066	0.0	0.0	0.0	0.0	0.0	0.0	0.0	0.0	0.0	0.0	0.0	0.0	0.0	0.0	0.0	0.0																																					
gf388c3	HDR20211211005752	2021-12-11 00:57:52	902.5	77.0	0.0	0.0	0.0	0.0	0.0	0.0	0.0	0.0	0.0	0.0	0.0	0.0	0.0	0.0	0.0	0.0	0.0	0.0	76.0909090909091	0.0	6.324675324675325	3.5064935064935066	1.3376623376623376	1.025974025974026	0.5194805194805194	0.14285714285714285	0.012987012987012988	0.012987012987012988	0.0	0.0	0.0	0.0	0.012987012987012988	0.0	0.0	0.0	0.0	0.0	0.0	0.0	0.0	0.0	0.0	0.0	0.0	0.0	0.0	0.0	0.0	0.0	0.0	0.0	0.0	0.0	0.0	0.0	0.0	0.0	0.0	0.0	0.0	0.0	0.0	0.016139841165985824	0.0	0.004158011370283608	0.005479230868257615	0.004490713322337022	0.006275878733780958	0.005986764785123744	0.00332422657878191	0.0005614515205469171	0.0009549077975714027	0.0	0.0	0.0	0.0	0.033079967735436235	0.0	0.0	0.0	0.0	0.0	0.0	0.0	0.0	0.0	0.0	0.0	0.0																																					
gf388c3	HDR20211211005752	2021-12-11 00:57:52	907.5	137.5	0.0	0.0	0.0	0.0	0.0	0.0	0.0	0.0	0.0	0.0	0.0	0.0	0.0	0.0	0.0	0.0	0.0	0.0	78.9309090909091	0.0	6.545454545454546	3.658181818181818	1.1127272727272728	0.8145454545454546	0.32	0.08	0.03636363636363636	0.014545454545454545	0.0	0.0	0.0	0.0	0.0	0.0	0.0	0.0	0.0	0.0	0.0	0.0	0.0	0.0	0.0	0.0	0.0	0.0	0.0	0.0	0.0	0.0	0.0	0.0	0.0	0.0	0.0	0.0	0.0	0.0	0.0	0.0	0.0	0.0	0.0	0.016742240972467782	0.0	0.004303157557747307	0.005743897545827943	0.0037069414049002228	0.00497763040042581	0.003917164751132654	0.0019833716705878793	0.001675740859349092	0.0016664595007602953	0.0	0.0	0.0	0.0	0.0	0.0	0.0	0.0	0.0	0.0	0.0	0.0	0.0	0.0	0.0	0.0	0.0																																					
gf388c3	HDR20211211005752	2021-12-11 00:57:52	912.5	138.6	0.0	0.0	0.0	0.0	0.0	0.0	0.0	0.0	0.0	0.0	0.0	0.0	0.0	0.0	0.0	0.0	0.0	0.0	67.12842712842713	0.0	6.111111111111112	3.6219336219336222	1.2914862914862915	0.7070707070707071	0.4329004329004329	0.10822510822510822	0.01443001443001443	0.0	0.0	0.007215007215007215	0.0	0.0	0.0	0.0	0.0	0.0	0.0	0.0	0.0	0.0	0.0	0.0	0.0	0.0	0.0	0.0	0.0	0.0	0.0	0.0	0.0	0.0	0.0	0.0	0.0	0.0	0.0	0.0	0.0	0.0	0.0	0.0	0.0	0.01423878574352204	0.0	0.004017608522279508	0.005683609438517703	0.0043303543864214086	0.0042199956303903274	0.005291975276415483	0.0023584192464600083	0.0006653442075543953	0.0	0.0	0.0021973777657877547	0.0	0.0	0.0	0.0	0.0	0.0	0.0	0.0	0.0	0.0	0.0	0.0	0.0	0.0	0.0																																					
gf388c3	HDR20211211005752	2021-12-11 00:57:52	917.5	67.1	0.0	0.0	0.0	0.0	0.0	0.0	0.0	0.0	0.0	0.0	0.0	0.0	0.0	0.0	0.0	0.0	0.0	0.0	67.89865871833085	0.0	5.961251862891207	3.055141579731744	1.2518628912071537	0.819672131147541	0.49180327868852464	0.08941877794336811	0.02980625931445604	0.02980625931445604	0.0	0.0	0.0	0.0	0.0	0.0	0.0	0.0	0.0	0.0	0.0	0.0	0.0	0.0	0.0	0.0	0.0	0.0	0.0	0.0	0.0	0.0	0.0	0.0	0.0	0.0	0.0	0.0	0.0	0.0	0.0	0.0	0.0	0.0	0.0	0.014402161574755946	0.0	0.003919087028913758	0.004882674592894694	0.004231938069563143	0.00488307865522697	0.005903011177393583	0.002264043855801479	0.0012126723930249673	0.0031576137508698685	0.0	0.0	0.0	0.0	0.0	0.0	0.0	0.0	0.0	0.0	0.0	0.0	0.0	0.0	0.0	0.0	0.0																																					
gf388c3	HDR20211211005752	2021-12-11 00:57:52	922.5	67.1	0.0	0.0	0.0	0.0	0.0	0.0	0.0	0.0	0.0	0.0	0.0	0.0	0.0	0.0	0.0	0.0	0.0	0.0	55.96125186289121	0.0	6.110283159463488	3.4277198211624444	1.2518628912071537	0.7004470938897169	0.5514157973174367	0.05961251862891208	0.0	0.01490312965722802	0.0	0.0	0.0	0.0	0.0	0.0	0.0	0.0	0.0	0.0	0.0	0.0	0.0	0.0	0.0	0.0	0.0	0.0	0.0	0.0	0.0	0.0	0.0	0.0	0.0	0.0	0.0	0.0	0.0	0.0	0.0	0.0	0.0	0.0	0.0	0.011870087074892137	0.0	0.004017064204636602	0.005311891243203099	0.004141054526080056	0.0043881317105606815	0.006236154166429348	0.0015524430641491412	0.0	0.001634800435625001	0.0	0.0	0.0	0.0	0.0	0.0	0.0	0.0	0.0	0.0	0.0	0.0	0.0	0.0	0.0	0.0	0.0																																					
gf388c3	HDR20211211005752	2021-12-11 00:57:52	927.5	156.2	0.0	0.0	0.0	0.0	0.0	0.0	0.0	0.0	0.0	0.0	0.0	0.0	0.0	0.0	0.0	0.0	0.0	0.0	46.91421254801537	0.0	6.049935979513445	3.674775928297055	1.3764404609475034	0.9475032010243278	0.3393085787451985	0.06402048655569782	0.05761843790012804	0.012804097311139566	0.006402048655569783	0.0	0.0	0.0	0.0	0.0	0.0	0.0	0.0	0.0	0.0	0.0	0.0	0.0	0.0	0.0	0.0	0.0	0.0	0.0	0.0	0.0	0.0	0.0	0.0	0.0	0.0	0.0	0.0	0.0	0.0	0.0	0.0	0.0	0.0	0.009951095971893597	0.0	0.003977390348269958	0.005840704167319544	0.004596448393226992	0.005875468250736992	0.003758767270006923	0.0013323527870073419	0.0024508686741952094	0.001006408495569073	0.0012658468257292549	0.0	0.0	0.0	0.0	0.0	0.0	0.0	0.0	0.0	0.0	0.0	0.0	0.0	0.0	0.0	0.0																																					
gf388c3	HDR20211211005752	2021-12-11 00:57:52	932.5	119.9	0.0	0.0	0.0	0.0	0.0	0.0	0.0	0.0	0.0	0.0	0.0	0.0	0.0	0.0	0.0	0.0	0.0	0.0	41.00083402835696	0.0	5.454545454545454	3.202668890742285	1.34278565471226	0.8006672226855712	0.2919099249374479	0.08340283569641367	0.016680567139282735	0.008340283569641367	0.0	0.0	0.0	0.0	0.0	0.0	0.0	0.0	0.0	0.0	0.0	0.0	0.0	0.0	0.0	0.0	0.0	0.0	0.0	0.0	0.0	0.0	0.0	0.0	0.0	0.0	0.0	0.0	0.0	0.0	0.0	0.0	0.0	0.0	0.0	0.008696793832493322	0.0	0.003585964631456089	0.00509319735310149	0.004514579294628712	0.004718694758333641	0.0031690213493857887	0.002284729204705792	0.0008808681672040918	0.0006412871153315352	0.0	0.0	0.0	0.0	0.0	0.0	0.0	0.0	0.0	0.0	0.0	0.0	0.0	0.0	0.0	0.0	0.0																																					
gf388c3	HDR20211211005752	2021-12-11 00:57:52	937.5	127.6	0.0	0.0	0.0	0.0	0.0	0.0	0.0	0.0	0.0	0.0	0.0	0.0	0.0	0.0	0.0	0.0	0.0	0.0	38.56583072100314	0.0	5.470219435736677	3.4169278996865207	1.0579937304075235	0.6661442006269592	0.40752351097178685	0.047021943573667714	0.031347962382445145	0.007836990595611286	0.007836990595611286	0.0	0.0	0.0	0.0	0.0	0.0	0.0	0.0	0.0	0.0	0.0	0.0	0.0	0.0	0.0	0.0	0.0	0.0	0.0	0.0	0.0	0.0	0.0	0.0	0.0	0.0	0.0	0.0	0.0	0.0	0.0	0.0	0.0	0.0	0.008180298930685974	0.0	0.0035962691275234914	0.005430754349808065	0.0034852437059094132	0.004139778498498378	0.004739975559155558	0.0011545439110343014	0.0013719572450507959	0.0007410690080223355	0.0011851100179795502	0.0	0.0	0.0	0.0	0.0	0.0	0.0	0.0	0.0	0.0	0.0	0.0	0.0	0.0	0.0	0.0																																					
gf388c3	HDR20211211005752	2021-12-11 00:57:52	942.5	99.0	0.0	0.0	0.0	0.0	0.0	0.0	0.0	0.0	0.0	0.0	0.0	0.0	0.0	0.0	0.0	0.0	0.0	0.0	42.82828282828283	0.0	5.656565656565657	3.5656565656565657	1.2121212121212122	0.5454545454545454	0.46464646464646464	0.10101010101010101	0.0	0.0	0.0	0.0	0.0	0.0	0.0	0.0	0.0	0.0	0.0	0.0	0.0	0.0	0.0	0.0	0.0	0.0	0.0	0.0	0.0	0.0	0.0	0.0	0.0	0.0	0.0	0.0	0.0	0.0	0.0	0.0	0.0	0.0	0.0	0.0	0.0	0.009084418763278894	0.0	0.003718778136324833	0.00570003796975991	0.004140123365879016	0.003347838728335474	0.005286409483527874	0.0025765164491251906	0.0	0.0	0.0	0.0	0.0	0.0	0.0	0.0	0.0	0.0	0.0	0.0	0.0	0.0	0.0	0.0	0.0	0.0	0.0																																					
gf388c3	HDR20211211005752	2021-12-11 00:57:52	947.5	119.9	0.0	0.0	0.0	0.0	0.0	0.0	0.0	0.0	0.0	0.0	0.0	0.0	0.0	0.0	0.0	0.0	0.0	0.0	40.216847372810676	0.0	5.829858215179316	3.1693077564637195	1.1175979983319433	0.6839032527105922	0.37531276063386154	0.11676396997497915	0.03336113427856547	0.0	0.008340283569641367	0.008340283569641367	0.0	0.0	0.0	0.0	0.0	0.0	0.0	0.0	0.0	0.0	0.0	0.0	0.0	0.0	0.0	0.0	0.0	0.0	0.0	0.0	0.0	0.0	0.0	0.0	0.0	0.0	0.0	0.0	0.0	0.0	0.0	0.0	0.0	0.008530500378413915	0.0	0.0038327053171067376	0.004923338131167171	0.0037693751932165154	0.00423390420463097	0.004526134155662283	0.002440961678567945	0.0014270154489944042	0.0	0.0015285198296251595	0.0033556973183135413	0.0	0.0	0.0	0.0	0.0	0.0	0.0	0.0	0.0	0.0	0.0	0.0	0.0	0.0	0.0																																					
gf388c3	HDR20211211005752	2021-12-11 00:57:52	952.5	134.2	0.0	0.0	0.0	0.0	0.0	0.0	0.0	0.0	0.0	0.0	0.0	0.0	0.0	0.0	0.0	0.0	0.0	0.0	41.57973174366617	0.0	5.536512667660209	3.330849478390462	1.0283159463487332	0.8643815201192251	0.3800298062593145	0.05961251862891208	0.00745156482861401	0.00745156482861401	0.01490312965722802	0.0	0.0	0.0	0.0	0.0	0.0	0.0	0.0	0.0	0.0	0.0	0.0	0.0	0.0	0.0	0.0	0.0	0.0	0.0	0.0	0.0	0.0	0.0	0.0	0.0	0.0	0.0	0.0	0.0	0.0	0.0	0.0	0.0	0.0	0.008819585336604277	0.0	0.0036398520781036536	0.0053762005569714545	0.0034248423629096455	0.005295970475567377	0.004568163387615996	0.0013568367058288935	0.0003635598159969523	0.0005729532423863717	0.0036049988700208183	0.0	0.0	0.0	0.0	0.0	0.0	0.0	0.0	0.0	0.0	0.0	0.0	0.0	0.0	0.0	0.0																																					
gf388c3	HDR20211211005752	2021-12-11 00:57:52	957.5	124.3	0.0	0.0	0.0	0.0	0.0	0.0	0.0	0.0	0.0	0.0	0.0	0.0	0.0	0.0	0.0	0.0	0.0	0.0	41.53660498793242	0.0	5.454545454545455	3.3467417538213997	1.246983105390185	0.7964601769911505	0.41834271922767496	0.09654062751407884	0.032180209171359615	0.008045052292839904	0.008045052292839904	0.0	0.008045052292839904	0.0	0.0	0.0	0.0	0.0	0.0	0.0	0.0	0.0	0.0	0.0	0.0	0.0	0.0	0.0	0.0	0.0	0.0	0.0	0.0	0.0	0.0	0.0	0.0	0.0	0.0	0.0	0.0	0.0	0.0	0.0	0.0	0.008810437607974628	0.0	0.003585964631456089	0.00525321672591239	0.00409055042707368	0.004839979414652159	0.004924376442870426	0.0022331356317907333	0.001633081118729122	0.0006461036353953188	0.0014364105699210435	0.0	0.007096253998536263	0.0	0.0	0.0	0.0	0.0	0.0	0.0	0.0	0.0	0.0	0.0	0.0	0.0	0.0																																					
gf388c3	HDR20211211005752	2021-12-11 00:57:52	962.5	137.5	0.0	0.0	0.0	0.0	0.0	0.0	0.0	0.0	0.0	0.0	0.0	0.0	0.0	0.0	0.0	0.0	0.0	0.0	49.35272727272727	0.0	5.636363636363637	3.76	1.3309090909090908	0.8072727272727273	0.509090909090909	0.11636363636363636	0.04363636363636364	0.02181818181818182	0.014545454545454545	0.007272727272727273	0.0	0.0	0.0	0.0	0.0	0.0	0.0	0.0	0.0	0.0	0.0	0.0	0.0	0.0	0.0	0.0	0.0	0.0	0.0	0.0	0.0	0.0	0.0	0.0	0.0	0.0	0.0	0.0	0.0	0.0	0.0	0.0	0.0	0.01046833568959425	0.0	0.0037054967858379585	0.006029102066085869	0.004516842399203909	0.004949687110371427	0.00599021622474	0.002744515541564414	0.002167261341306656	0.002458093198010731	0.0031992238182968827	0.0022149567879140566	0.0	0.0	0.0	0.0	0.0	0.0	0.0	0.0	0.0	0.0	0.0	0.0	0.0	0.0	0.0																																					
gf388c3	HDR20211211005752	2021-12-11 00:57:52	967.5	105.6	0.0	0.0	0.0	0.0	0.0	0.0	0.0	0.0	0.0	0.0	0.0	0.0	0.0	0.0	0.0	0.0	0.0	0.0	48.683712121212125	0.0	5.804924242424243	3.3712121212121215	0.9280303030303031	0.634469696969697	0.39772727272727276	0.06628787878787878	0.00946969696969697	0.0	0.0	0.0	0.0	0.0	0.0	0.0	0.0	0.0	0.0	0.0	0.0	0.0	0.0	0.0	0.0	0.0	0.0	0.0	0.0	0.0	0.0	0.0	0.0	0.0	0.0	0.0	0.0	0.0	0.0	0.0	0.0	0.0	0.0	0.0	0.0	0.010326429141070933	0.0	0.003816313053962817	0.005199237608823376	0.003097114563197067	0.0038819100730232863	0.004750871541106225	0.0016396901553844105	0.0003840083426413204	0.0	0.0	0.0	0.0	0.0	0.0	0.0	0.0	0.0	0.0	0.0	0.0	0.0	0.0	0.0	0.0	0.0	0.0																																					
gf388c3	HDR20211211005752	2021-12-11 00:57:52	972.5	94.6	0.0	0.0	0.0	0.0	0.0	0.0	0.0	0.0	0.0	0.0	0.0	0.0	0.0	0.0	0.0	0.0	0.0	0.0	45.27484143763214	0.0	5.813953488372094	3.4249471458773786	1.3002114164904863	0.8773784355179705	0.40169133192389006	0.13742071881606766	0.06342494714587739	0.0	0.0	0.0	0.0	0.0	0.0	0.0	0.0	0.0	0.0	0.0	0.0	0.0	0.0	0.0	0.0	0.0	0.0	0.0	0.0	0.0	0.0	0.0	0.0	0.0	0.0	0.0	0.0	0.0	0.0	0.0	0.0	0.0	0.0	0.0	0.0	0.009603364690327762	0.0	0.003822249122676064	0.005445424958357424	0.004436438230909373	0.0052696577596299515	0.004964173201829455	0.00323589681434678	0.0027234325668230018	0.0	0.0	0.0	0.0	0.0	0.0	0.0	0.0	0.0	0.0	0.0	0.0	0.0	0.0	0.0	0.0	0.0	0.0																																					
gf388c3	HDR20211211005752	2021-12-11 00:57:52	977.5	74.8	0.0	0.0	0.0	0.0	0.0	0.0	0.0	0.0	0.0	0.0	0.0	0.0	0.0	0.0	0.0	0.0	0.0	0.0	65.7620320855615	0.0	5.668449197860963	3.6898395721925135	1.1631016042780749	0.7754010695187166	0.3877005347593583	0.12032085561497327	0.053475935828877004	0.0	0.013368983957219251	0.0	0.0	0.0	0.0	0.0	0.0	0.0	0.0	0.0	0.0	0.0	0.0	0.0	0.0	0.0	0.0	0.0	0.0	0.0	0.0	0.0	0.0	0.0	0.0	0.0	0.0	0.0	0.0	0.0	0.0	0.0	0.0	0.0	0.0	0.013948956127536069	0.0	0.0037265906954347594	0.005926314177896336	0.003859571966353765	0.004770053145913329	0.004415962110885669	0.0029823455286171713	0.002968434011517438	0.0	0.0030467128195714875	0.0	0.0	0.0	0.0	0.0	0.0	0.0	0.0	0.0	0.0	0.0	0.0	0.0	0.0	0.0	0.0																																					
gf388c3	HDR20211211005752	2021-12-11 00:57:52	982.5	168.3	0.0	0.0	0.0	0.0	0.0	0.0	0.0	0.0	0.0	0.0	0.0	0.0	0.0	0.0	0.0	0.0	0.0	0.0	75.91206179441473	0.0	6.090314913844325	3.6125965537730242	1.253713606654783	0.7189542483660131	0.33868092691622104	0.077243018419489	0.029708853238265002	0.0	0.0	0.0	0.0	0.0	0.0	0.0	0.0	0.0	0.0	0.0	0.0	0.0	0.0	0.0	0.0	0.0	0.0	0.0	0.0	0.0	0.0	0.0	0.0	0.0	0.0	0.0	0.0	0.0	0.0	0.0	0.0	0.0	0.0	0.0	0.0	0.016101905399507652	0.0	0.004003936543837136	0.0056282928360507035	0.0041238109578471075	0.004289964629241924	0.004088660144168703	0.0018807928822914513	0.0015937108957741184	0.0	0.0	0.0	0.0	0.0	0.0	0.0	0.0	0.0	0.0	0.0	0.0	0.0	0.0	0.0	0.0	0.0	0.0																																					
gf388c3	HDR20211211005752	2021-12-11 00:57:52	987.5	138.6	0.0	0.0	0.0	0.0	0.0	0.0	0.0	0.0	0.0	0.0	0.0	0.0	0.0	0.0	0.0	0.0	0.0	0.0	71.73881673881674	0.0	6.3852813852813854	3.9105339105339105	1.2193362193362194	0.6782106782106783	0.40404040404040403	0.09379509379509379	0.021645021645021648	0.0	0.007215007215007215	0.0	0.0	0.0	0.0	0.0	0.0	0.0	0.0	0.0	0.0	0.0	0.0	0.0	0.0	0.0	0.0	0.0	0.0	0.0	0.0	0.0	0.0	0.0	0.0	0.0	0.0	0.0	0.0	0.0	0.0	0.0	0.0	0.0	0.0	0.015216707507291451	0.0	0.004197855421744231	0.006194555864167924	0.004082085172793535	0.004267405804145603	0.004704504786632597	0.0022717314798517733	0.001273404856573318	0.0	0.0013222909637233525	0.0	0.0	0.0	0.0	0.0	0.0	0.0	0.0	0.0	0.0	0.0	0.0	0.0	0.0	0.0	0.0																																					
gf388c3	HDR20211211005752	2021-12-11 00:57:52	992.5	92.4	0.0	0.0	0.0	0.0	0.0	0.0	0.0	0.0	0.0	0.0	0.0	0.0	0.0	0.0	0.0	0.0	0.0	0.0	70.38961038961038	0.0	6.352813852813853	3.9718614718614718	1.147186147186147	0.8766233766233765	0.4978354978354978	0.08658008658008658	0.05411255411255411	0.010822510822510822	0.010822510822510822	0.0	0.0	0.0	0.0	0.0	0.0	0.0	0.0	0.0	0.0	0.0	0.0	0.0	0.0	0.0	0.0	0.0	0.0	0.0	0.0	0.0	0.0	0.0	0.0	0.0	0.0	0.0	0.0	0.0	0.0	0.0	0.0	0.0	0.0	0.01493052382994422	0.0	0.00417651039417604	0.006267189330131546	0.0038484823511034066	0.00548358901039251	0.006015418305580364	0.0026224522107900885	0.002504061955892479	0.0009450535509250333	0.0015891555964315143	0.0	0.0	0.0	0.0	0.0	0.0	0.0	0.0	0.0	0.0	0.0	0.0	0.0	0.0	0.0	0.0																																					
gf388c3	HDR20211211005752	2021-12-11 00:57:52	997.5	172.7	0.0	0.0	0.0	0.0	0.0	0.0	0.0	0.0	0.0	0.0	0.0	0.0	0.0	0.0	0.0	0.0	0.0	0.0	67.06427330631153	0.0	6.363636363636364	3.7695425593514766	1.1928199189345687	0.8106543138390273	0.3474232773595831	0.11580775911986103	0.04632310364794442	0.005790387955993052	0.0	0.0	0.0	0.0	0.0	0.0	0.0	0.0	0.0	0.0	0.0	0.0	0.0	0.0	0.0	0.0	0.0	0.0	0.0	0.0	0.0	0.0	0.0	0.0	0.0	0.0	0.0	0.0	0.0	0.0	0.0	0.0	0.0	0.0	0.0	0.01422517790900531	0.0	0.004183625403365437	0.005948035192967646	0.003904408658355773	0.004977419198407939	0.004164114293316332	0.002862529924544224	0.0023380163505258766	0.00048516737010101467	0.0	0.0	0.0	0.0	0.0	0.0	0.0	0.0	0.0	0.0	0.0	0.0	0.0	0.0	0.0	0.0	0.0																																					
gf388c3	HDR20211211005752	2021-12-11 00:57:52	1002.5	61.6	0.0	0.0	0.0	0.0	0.0	0.0	0.0	0.0	0.0	0.0	0.0	0.0	0.0	0.0	0.0	0.0	0.0	0.0	53.685064935064936	0.0	5.746753246753246	3.766233766233766	1.3149350649350648	0.9253246753246753	0.6493506493506493	0.1461038961038961	0.032467532467532464	0.016233766233766232	0.0	0.0	0.0	0.0	0.0	0.0	0.0	0.0	0.0	0.0	0.0	0.0	0.0	0.0	0.0	0.0	0.0	0.0	0.0	0.0	0.0	0.0	0.0	0.0	0.0	0.0	0.0	0.0	0.0	0.0	0.0	0.0	0.0	0.0	0.0	0.011387279129526183	0.0	0.0037780698795698074	0.005901900600149315	0.004367959354533336	0.005497428117555306	0.00735572928358701	0.0034366663025640898	0.001450341043664195	0.0014175803263875501	0.0	0.0	0.0	0.0	0.0	0.0	0.0	0.0	0.0	0.0	0.0	0.0	0.0	0.0	0.0	0.0	0.0																																					
gf388c3	HDR20211211005752	2021-12-11 00:57:52	1007.5	70.4	0.0	0.0	0.0	0.0	0.0	0.0	0.0	0.0	0.0	0.0	0.0	0.0	0.0	0.0	0.0	0.0	0.0	0.0	55.25568181818181	0.0	5.582386363636363	3.4090909090909087	1.4630681818181817	0.8522727272727272	0.46874999999999994	0.17045454545454544	0.014204545454545454	0.0	0.0	0.0	0.0	0.0	0.0	0.0	0.0	0.0	0.0	0.0	0.0	0.0	0.0	0.0	0.0	0.0	0.0	0.0	0.0	0.0	0.0	0.0	0.0	0.0	0.0	0.0	0.0	0.0	0.0	0.0	0.0	0.0	0.0	0.0	0.0	0.01172042677264129	0.0	0.00367001067750584	0.005569229760941438	0.004868406007614959	0.005249046447498514	0.005587724621332586	0.004381887846405928	0.0005388880721688894	0.0	0.0	0.0	0.0	0.0	0.0	0.0	0.0	0.0	0.0	0.0	0.0	0.0	0.0	0.0	0.0	0.0	0.0																																					
gf388c3	HDR20211211005752	2021-12-11 00:57:52	1012.5	110.0	0.0	0.0	0.0	0.0	0.0	0.0	0.0	0.0	0.0	0.0	0.0	0.0	0.0	0.0	0.0	0.0	0.0	0.0	51.9	0.0	5.836363636363636	3.6272727272727274	1.209090909090909	0.6363636363636364	0.4090909090909091	0.11818181818181818	0.00909090909090909	0.0	0.00909090909090909	0.0	0.0	0.0	0.0	0.0	0.0	0.0	0.0	0.0	0.0	0.0	0.0	0.0	0.0	0.0	0.0	0.0	0.0	0.0	0.0	0.0	0.0	0.0	0.0	0.0	0.0	0.0	0.0	0.0	0.0	0.0	0.0	0.0	0.0	0.011008644350849832	0.0	0.003836982155658015	0.005725335967828188	0.004174355222357084	0.003773357387276138	0.004983517894471528	0.0028152235111577927	0.00036864800893566754	0.0	0.001455754978338014	0.0	0.0	0.0	0.0	0.0	0.0	0.0	0.0	0.0	0.0	0.0	0.0	0.0	0.0	0.0	0.0																																					
gf388c3	HDR20211211005752	2021-12-11 00:57:52	1017.5	84.7	0.0	0.0	0.0	0.0	0.0	0.0	0.0	0.0	0.0	0.0	0.0	0.0	0.0	0.0	0.0	0.0	0.0	0.0	43.0224321133412	0.0	5.407319952774498	3.8016528925619832	1.1097992916174735	0.8146399055489965	0.3541912632821724	0.05903187721369539	0.047225501770956316	0.0	0.0	0.011806375442739079	0.0	0.0	0.0	0.0	0.0	0.0	0.0	0.0	0.0	0.0	0.0	0.0	0.0	0.0	0.0	0.0	0.0	0.0	0.0	0.0	0.0	0.0	0.0	0.0	0.0	0.0	0.0	0.0	0.0	0.0	0.0	0.0	0.0	0.009125600274457689	0.0	0.003554917318629629	0.006105899456014407	0.003662834826283628	0.004884302610923056	0.004373523258590567	0.0013816650763715773	0.002409754159669257	0.0	0.0	0.00422987951634668	0.0	0.0	0.0	0.0	0.0	0.0	0.0	0.0	0.0	0.0	0.0	0.0	0.0	0.0	0.0																																					
gf388c3	HDR20211211005752	2021-12-11 00:57:52	1022.5	74.8	0.0	0.0	0.0	0.0	0.0	0.0	0.0	0.0	0.0	0.0	0.0	0.0	0.0	0.0	0.0	0.0	0.0	0.0	44.612299465240646	0.0	5.481283422459893	3.409090909090909	1.1898395721925135	0.7620320855614974	0.4144385026737968	0.06684491978609626	0.013368983957219251	0.013368983957219251	0.0	0.0	0.0	0.0	0.0	0.0	0.0	0.0	0.0	0.0	0.0	0.0	0.0	0.0	0.0	0.0	0.0	0.0	0.0	0.0	0.0	0.0	0.0	0.0	0.0	0.0	0.0	0.0	0.0	0.0	0.0	0.0	0.0	0.0	0.0	0.009462831184709874	0.0	0.0036035428894534223	0.005497143970514828	0.003992341558407539	0.00454518824164574	0.0048972141811069216	0.001773176134542464	0.0005071887738060136	0.0011201658397920486	0.0	0.0	0.0	0.0	0.0	0.0	0.0	0.0	0.0	0.0	0.0	0.0	0.0	0.0	0.0	0.0	0.0																																					
gf388c3	HDR20211211005752	2021-12-11 00:57:52	1027.5	99.0	0.0	0.0	0.0	0.0	0.0	0.0	0.0	0.0	0.0	0.0	0.0	0.0	0.0	0.0	0.0	0.0	0.0	0.0	40.82828282828283	0.0	5.909090909090909	3.4545454545454546	1.1818181818181819	0.6262626262626263	0.3939393939393939	0.08080808080808081	0.030303030303030304	0.0	0.0	0.0	0.0	0.0	0.0	0.0	0.0	0.0	0.0	0.0	0.0	0.0	0.0	0.0	0.0	0.0	0.0	0.0	0.0	0.0	0.0	0.0	0.0	0.0	0.0	0.0	0.0	0.0	0.0	0.0	0.0	0.0	0.0	0.0	0.0	0.00866019354744653	0.0	0.003884795017410763	0.005519904036490861	0.003989651161551407	0.0037686858727042022	0.004407841646869837	0.0018635752108854848	0.001502151476481621	0.0	0.0	0.0	0.0	0.0	0.0	0.0	0.0	0.0	0.0	0.0	0.0	0.0	0.0	0.0	0.0	0.0	0.0																																					
gf388c3	HDR20211211005752	2021-12-11 00:57:52	1032.5	113.3	0.0	0.0	0.0	0.0	0.0	0.0	0.0	0.0	0.0	0.0	0.0	0.0	0.0	0.0	0.0	0.0	0.0	0.0	44.38658428949691	0.0	5.525154457193293	3.415710503089144	1.0150044130626654	0.88261253309797	0.441306266548985	0.0441306266548985	0.0264783759929391	0.0	0.0	0.0	0.0	0.0	0.0	0.0	0.0	0.0	0.0	0.0	0.0	0.0	0.0	0.0	0.0	0.0	0.0	0.0	0.0	0.0	0.0	0.0	0.0	0.0	0.0	0.0	0.0	0.0	0.0	0.0	0.0	0.0	0.0	0.0	0.0	0.009414954150136611	0.0	0.00363238488558497	0.0053764570277449525	0.0033535957166949495	0.0053337760911751995	0.005151402230432666	0.0012105381971892271	0.0010985632876953678	0.0	0.0	0.0	0.0	0.0	0.0	0.0	0.0	0.0	0.0	0.0	0.0	0.0	0.0	0.0	0.0	0.0	0.0																																					
gf388c3	HDR20211211005752	2021-12-11 00:57:52	1037.5	62.7	0.0	0.0	0.0	0.0	0.0	0.0	0.0	0.0	0.0	0.0	0.0	0.0	0.0	0.0	0.0	0.0	0.0	0.0	40.653907496012756	0.0	5.263157894736842	3.4290271132376393	1.4035087719298245	0.7177033492822966	0.7177033492822966	0.11164274322169059	0.03189792663476874	0.0	0.0	0.0	0.0	0.0	0.0	0.0	0.0	0.0	0.0	0.0	0.0	0.0	0.0	0.0	0.0	0.0	0.0	0.0	0.0	0.0	0.0	0.0	0.0	0.0	0.0	0.0	0.0	0.0	0.0	0.0	0.0	0.0	0.0	0.0	0.0	0.008623206340962475	0.0	0.0034601413110541207	0.0052580637014826865	0.004780858877093906	0.004251439772171847	0.008671567876671442	0.002694163474999881	0.0013362527602079116	0.0	0.0	0.0	0.0	0.0	0.0	0.0	0.0	0.0	0.0	0.0	0.0	0.0	0.0	0.0	0.0	0.0	0.0																																					
gf388c3	HDR20211211005752	2021-12-11 00:57:52	1042.5	84.7	0.0	0.0	0.0	0.0	0.0	0.0	0.0	0.0	0.0	0.0	0.0	0.0	0.0	0.0	0.0	0.0	0.0	0.0	43.069657615112156	0.0	5.749704840613932	3.6953955135773318	0.9799291617473436	0.8500590318772137	0.602125147579693	0.07083825265643447	0.023612750885478158	0.011806375442739079	0.0	0.0	0.0	0.0	0.0	0.0	0.0	0.0	0.0	0.0	0.0	0.0	0.0	0.0	0.0	0.0	0.0	0.0	0.0	0.0	0.0	0.0	0.0	0.0	0.0	0.0	0.0	0.0	0.0	0.0	0.0	0.0	0.0	0.0	0.0	0.009135617398798476	0.0	0.003780010336621461	0.0059524815198056065	0.003197950578920766	0.005247814416028568	0.007034581881736807	0.0016919627665939808	0.0011188659567776026	0.0012951016438068187	0.0	0.0	0.0	0.0	0.0	0.0	0.0	0.0	0.0	0.0	0.0	0.0	0.0	0.0	0.0	0.0	0.0																																					
gf388c3	HDR20211211005752	2021-12-11 00:57:52	1047.5	148.5	0.0	0.0	0.0	0.0	0.0	0.0	0.0	0.0	0.0	0.0	0.0	0.0	0.0	0.0	0.0	0.0	0.0	0.0	42.84848484848485	0.0	5.838383838383838	3.461279461279461	1.292929292929293	0.7138047138047138	0.32323232323232326	0.03367003367003367	0.03367003367003367	0.0	0.006734006734006734	0.0	0.013468013468013467	0.04040404040404041	0.006734006734006734	0.0	0.0	0.0	0.0	0.0	0.0	0.0	0.0	0.0	0.0	0.0	0.0	0.0	0.0	0.0	0.0	0.0	0.0	0.0	0.0	0.0	0.0	0.0	0.0	0.0	0.0	0.0	0.0	0.0	0.0	0.00908870386646912	0.0	0.003838310290706702	0.005546478602152286	0.004271032086033509	0.004203943681329436	0.003794634067403415	0.0008754731462241336	0.0013183800773327653	0.0	0.0014656829346845143	0.0	0.012313811911143264	0.06384192582403968	0.02036016269448847	0.0	0.0	0.0	0.0	0.0	0.0	0.0	0.0	0.0	0.0	0.0	0.0																																					
gf388c3	HDR20211211005752	2021-12-11 00:57:52	1052.5	79.2	0.0	0.0	0.0	0.0	0.0	0.0	0.0	0.0	0.0	0.0	0.0	0.0	0.0	0.0	0.0	0.0	0.0	0.0	42.17171717171717	0.0	5.643939393939394	3.598484848484848	1.4772727272727273	0.6944444444444444	0.6565656565656566	0.11363636363636363	0.025252525252525252	0.012626262626262626	0.012626262626262626	0.0	0.0	0.0	0.0	0.0	0.0	0.0	0.0	0.0	0.0	0.0	0.0	0.0	0.0	0.0	0.0	0.0	0.0	0.0	0.0	0.0	0.0	0.0	0.0	0.0	0.0	0.0	0.0	0.0	0.0	0.0	0.0	0.0	0.0	0.008945152909596552	0.0	0.0037104772922705366	0.005838264789304502	0.004961397766048201	0.004131908912695996	0.008042335860437561	0.002625332304698409	0.0009927255735077772	0.001014023761106542	0.0019653009609279523	0.0	0.0	0.0	0.0	0.0	0.0	0.0	0.0	0.0	0.0	0.0	0.0	0.0	0.0	0.0	0.0																																					
gf388c3	HDR20211211005752	2021-12-11 00:57:52	1057.5	60.5	0.0	0.0	0.0	0.0	0.0	0.0	0.0	0.0	0.0	0.0	0.0	0.0	0.0	0.0	0.0	0.0	0.0	0.0	49.37190082644628	0.0	5.966942148760331	4.066115702479339	1.487603305785124	0.8429752066115702	0.4628099173553719	0.01652892561983471	0.049586776859504134	0.01652892561983471	0.0	0.0	0.0	0.0	0.0	0.0	0.0	0.0	0.0	0.0	0.0	0.0	0.0	0.0	0.0	0.0	0.0	0.0	0.0	0.0	0.0	0.0	0.0	0.0	0.0	0.0	0.0	0.0	0.0	0.0	0.0	0.0	0.0	0.0	0.0	0.01047240264207661	0.0	0.003922827975623175	0.006518586984161288	0.005068460730505001	0.005245194348106467	0.00554474881977398	0.00039211714989540933	0.0017549800829604965	0.0013274492872667458	0.0	0.0	0.0	0.0	0.0	0.0	0.0	0.0	0.0	0.0	0.0	0.0	0.0	0.0	0.0	0.0	0.0																																					
gf388c3	HDR20211211005752	2021-12-11 00:57:52	1062.5	178.2	0.0	0.0	0.0	0.0	0.0	0.0	0.0	0.0	0.0	0.0	0.0	0.0	0.0	0.0	0.0	0.0	0.0	0.0	54.882154882154886	0.0	6.150392817059484	4.320987654320988	1.2177328843995512	0.8810325476992145	0.4826038159371493	0.07295173961840629	0.011223344556677891	0.0056116722783389455	0.0	0.0	0.0	0.0	0.0	0.0	0.0	0.0	0.0	0.0	0.0	0.0	0.0	0.0	0.0	0.0	0.0	0.0	0.0	0.0	0.0	0.0	0.0	0.0	0.0	0.0	0.0	0.0	0.0	0.0	0.0	0.0	0.0	0.0	0.0	0.011641197000113679	0.0	0.00404343337044843	0.006786706585548141	0.004039087299760895	0.0053626854754104366	0.005772556231821667	0.0016658617113029077	0.0004701630082213023	0.00047019306855468704	0.0	0.0	0.0	0.0	0.0	0.0	0.0	0.0	0.0	0.0	0.0	0.0	0.0	0.0	0.0	0.0	0.0																																					
gf388c3	HDR20211211005752	2021-12-11 00:57:52	1067.5	92.4	0.0	0.0	0.0	0.0	0.0	0.0	0.0	0.0	0.0	0.0	0.0	0.0	0.0	0.0	0.0	0.0	0.0	0.0	56.396103896103895	0.0	6.255411255411255	3.8636363636363633	1.3095238095238095	0.9090909090909091	0.5411255411255411	0.032467532467532464	0.032467532467532464	0.010822510822510822	0.0	0.0	0.0	0.0	0.0	0.0	0.0	0.0	0.0	0.0	0.0	0.0	0.0	0.0	0.0	0.0	0.0	0.0	0.0	0.0	0.0	0.0	0.0	0.0	0.0	0.0	0.0	0.0	0.0	0.0	0.0	0.0	0.0	0.0	0.0	0.011962324673714534	0.0	0.004112475311471467	0.006220181286265204	0.0043465892150229175	0.005605029088718033	0.006518889204204659	0.0006804334753043354	0.001319497819858211	0.0013602337912385315	0.0	0.0	0.0	0.0	0.0	0.0	0.0	0.0	0.0	0.0	0.0	0.0	0.0	0.0	0.0	0.0	0.0																																					
gf388c3	HDR20211211005752	2021-12-11 00:57:52	1072.5	112.2	0.0	0.0	0.0	0.0	0.0	0.0	0.0	0.0	0.0	0.0	0.0	0.0	0.0	0.0	0.0	0.0	0.0	0.0	63.79679144385027	0.0	6.434937611408199	4.153297682709447	1.4438502673796791	0.8288770053475936	0.5347593582887701	0.062388591800356503	0.026737967914438502	0.0	0.0	0.0	0.0	0.0	0.0	0.0	0.0	0.0	0.0	0.0	0.0	0.0	0.0	0.0	0.0	0.0	0.0	0.0	0.0	0.0	0.0	0.0	0.0	0.0	0.0	0.0	0.0	0.0	0.0	0.0	0.0	0.0	0.0	0.0	0.0	0.013532103809839827	0.0	0.0042305007580249925	0.006680149353940539	0.0049048945099281396	0.004958077884142839	0.0066359294077180855	0.0014712311046406296	0.001063351496013058	0.0	0.0	0.0	0.0	0.0	0.0	0.0	0.0	0.0	0.0	0.0	0.0	0.0	0.0	0.0	0.0	0.0	0.0																																					
gf388c3	HDR20211211005752	2021-12-11 00:57:52	1077.5	135.3	0.0	0.0	0.0	0.0	0.0	0.0	0.0	0.0	0.0	0.0	0.0	0.0	0.0	0.0	0.0	0.0	0.0	0.0	72.29120473022911	0.0	6.260162601626016	3.946784922394678	1.1234294161123428	0.6356245380635624	0.4065040650406504	0.08869179600886917	0.014781966001478195	0.022172949002217293	0.0	0.0	0.0	0.0	0.0	0.0	0.0	0.0	0.0	0.0	0.0	0.0	0.0	0.0	0.0	0.0	0.0	0.0	0.0	0.0	0.0	0.0	0.0	0.0	0.0	0.0	0.0	0.0	0.0	0.0	0.0	0.0	0.0	0.0	0.0	0.01533387596473151	0.0	0.00411559897404242	0.006287231882884477	0.00378310071810769	0.003893007428352499	0.004652793864887466	0.0022066188692436237	0.0007518989345756716	0.001964411471095889	0.0	0.0	0.0	0.0	0.0	0.0	0.0	0.0	0.0	0.0	0.0	0.0	0.0	0.0	0.0	0.0	0.0																																					
gf388c3	HDR20211211005752	2021-12-11 00:57:52	1082.5	157.3	0.0	0.0	0.0	0.0	0.0	0.0	0.0	0.0	0.0	0.0	0.0	0.0	0.0	0.0	0.0	0.0	0.0	0.0	68.88747616020343	0.0	6.3827082008900184	4.0368722186904	1.347743165924984	0.6484424666242847	0.35600762873490144	0.0572155117609663	0.04450095359186268	0.025429116338207245	0.0	0.0	0.0	0.0	0.0	0.0	0.0	0.0	0.0	0.0	0.0	0.0	0.0	0.0	0.0	0.0	0.0	0.0	0.0	0.0	0.0	0.0	0.0	0.0	0.0	0.0	0.0	0.0	0.0	0.0	0.0	0.0	0.0	0.0	0.0	0.014611902221104542	0.0	0.004196163741237661	0.006483267169419	0.004501909698665302	0.0039050912961366042	0.004186238077123668	0.0014478768361249426	0.0021102994516843413	0.0026278133946422266	0.0	0.0	0.0	0.0	0.0	0.0	0.0	0.0	0.0	0.0	0.0	0.0	0.0	0.0	0.0	0.0	0.0																																					
gf388c3	HDR20211211005752	2021-12-11 00:57:52	1087.5	93.5	0.0	0.0	0.0	0.0	0.0	0.0	0.0	0.0	0.0	0.0	0.0	0.0	0.0	0.0	0.0	0.0	0.0	0.0	66.05347593582887	0.0	5.925133689839572	3.935828877005348	1.1550802139037433	0.7379679144385026	0.40641711229946526	0.06417112299465241	0.0	0.0106951871657754	0.0	0.0	0.0	0.0	0.0	0.0	0.0	0.0	0.0	0.0	0.0	0.0	0.0	0.0	0.0	0.0	0.0	0.0	0.0	0.0	0.0	0.0	0.0	0.0	0.0	0.0	0.0	0.0	0.0	0.0	0.0	0.0	0.0	0.0	0.0	0.014010775042677415	0.0	0.003895341972209162	0.006272408969359954	0.003822458684890804	0.004400329477625676	0.004752256754499385	0.0015731243333340886	0.0	0.0010911127754006272	0.0	0.0	0.0	0.0	0.0	0.0	0.0	0.0	0.0	0.0	0.0	0.0	0.0	0.0	0.0	0.0	0.0																																					
gf388c3	HDR20211211005752	2021-12-11 00:57:52	1092.5	148.5	0.0	0.0	0.0	0.0	0.0	0.0	0.0	0.0	0.0	0.0	0.0	0.0	0.0	0.0	0.0	0.0	0.0	0.0	56.996632996633	0.0	6.161616161616162	3.5286195286195285	1.2794612794612794	0.8484848484848485	0.3838383838383838	0.026936026936026935	0.04713804713804714	0.006734006734006734	0.0	0.0	0.0	0.0	0.0	0.0	0.0	0.0	0.0	0.0	0.0	0.0	0.0	0.0	0.0	0.0	0.0	0.0	0.0	0.0	0.0	0.0	0.0	0.0	0.0	0.0	0.0	0.0	0.0	0.0	0.0	0.0	0.0	0.0	0.0	0.012089704467357321	0.0	0.0040508118984966925	0.005642563936283605	0.0042725987131529445	0.0053881171699825346	0.004459277940218101	0.0006308058609947564	0.0022823490757133136	0.0005642316822656244	0.0	0.0	0.0	0.0	0.0	0.0	0.0	0.0	0.0	0.0	0.0	0.0	0.0	0.0	0.0	0.0	0.0																																					
gf388c3	HDR20211211005752	2021-12-11 00:57:52	1097.5	94.6	0.0	0.0	0.0	0.0	0.0	0.0	0.0	0.0	0.0	0.0	0.0	0.0	0.0	0.0	0.0	0.0	0.0	0.0	48.49894291754757	0.0	5.835095137420719	3.9323467230443976	1.3002114164904863	0.8350951374207188	0.41226215644820297	0.10570824524312897	0.10570824524312897	0.010570824524312896	0.0	0.0	0.0	0.0	0.0	0.0	0.0	0.0	0.0	0.0	0.0	0.0	0.0	0.0	0.0	0.0	0.0	0.0	0.0	0.0	0.0	0.0	0.0	0.0	0.0	0.0	0.0	0.0	0.0	0.0	0.0	0.0	0.0	0.0	0.0	0.010287237263419046	0.0	0.0038361482103948857	0.006180715510159186	0.0043075104134101105	0.004977548180388012	0.005066098799043807	0.002529890731996282	0.00498422531168567	0.0010387137167345338	0.0	0.0	0.0	0.0	0.0	0.0	0.0	0.0	0.0	0.0	0.0	0.0	0.0	0.0	0.0	0.0	0.0																																					
gf388c3	HDR20211211005752	2021-12-11 00:57:52	1102.5	148.5	0.0	0.0	0.0	0.0	0.0	0.0	0.0	0.0	0.0	0.0	0.0	0.0	0.0	0.0	0.0	0.0	0.0	0.0	46.33670033670034	0.0	5.811447811447811	3.845117845117845	1.164983164983165	0.8956228956228957	0.4781144781144781	0.09427609427609428	0.04040404040404041	0.020202020202020204	0.006734006734006734	0.013468013468013467	0.020202020202020204	0.0	0.0	0.0	0.006734006734006734	0.006734006734006734	0.006734006734006734	0.0	0.0	0.0	0.0	0.0	0.0	0.0	0.0	0.0	0.0	0.0	0.0	0.0	0.0	0.0	0.0	0.0	0.0	0.0	0.0	0.0	0.0	0.0	0.0	0.0	0.0	0.009828598350648126	0.0	0.0038206018233908697	0.006092108517943437	0.0038205015395103223	0.005307055481815064	0.0054188050238719665	0.0021882006556928854	0.001869827338383527	0.0019521809800953837	0.0009596362523115678	0.0064087689232153276	0.01579329329134271	0.0	0.0	0.0	0.10606903197887725	0.13802842582714797	0.4593357090685161	0.0	0.0	0.0	0.0	0.0	0.0	0.0	0.0																																					
gf388c3	HDR20211211005752	2021-12-11 00:57:52	1107.5	119.9	0.0	0.0	0.0	0.0	0.0	0.0	0.0	0.0	0.0	0.0	0.0	0.0	0.0	0.0	0.0	0.0	0.0	0.0	45.04587155963303	0.0	5.479566305254378	4.053377814845705	1.2427022518765638	0.7923269391159299	0.43369474562135113	0.16680567139282734	0.03336113427856547	0.016680567139282735	0.0	0.0	0.0	0.0	0.0	0.0	0.0	0.0	0.0	0.0	0.0	0.0	0.0	0.0	0.0	0.0	0.0	0.0	0.0	0.0	0.0	0.0	0.0	0.0	0.0	0.0	0.0	0.0	0.0	0.0	0.0	0.0	0.0	0.0	0.0	0.009554797292371122	0.0	0.0036024140104994654	0.006565569300777383	0.0041532373635765054	0.004796586218003063	0.005054296559459515	0.004480131513666722	0.0014504798155258046	0.0016395283563270112	0.0	0.0	0.0	0.0	0.0	0.0	0.0	0.0	0.0	0.0	0.0	0.0	0.0	0.0	0.0	0.0	0.0																																					
gf388c3	HDR20211211005752	2021-12-11 00:57:52	1112.5	90.2	0.0	0.0	0.0	0.0	0.0	0.0	0.0	0.0	0.0	0.0	0.0	0.0	0.0	0.0	0.0	0.0	0.0	0.0	45.05543237250554	0.0	6.042128603104213	3.614190687361419	1.164079822616408	0.6541019955654102	0.32150776053215074	0.044345898004434586	0.011086474501108647	0.011086474501108647	0.0	0.0	0.0	0.0	0.0	0.0	0.0	0.0	0.0	0.0	0.0	0.0	0.0	0.0	0.0	0.0	0.0	0.0	0.0	0.0	0.0	0.0	0.0	0.0	0.0	0.0	0.0	0.0	0.0	0.0	0.0	0.0	0.0	0.0	0.0	0.00955682526132331	0.0	0.003972257569397497	0.005815485476323741	0.0038872969678397295	0.003970829897666401	0.004141342398721992	0.001030289870467686	0.0003923735957838508	0.0008903623268252563	0.0	0.0	0.0	0.0	0.0	0.0	0.0	0.0	0.0	0.0	0.0	0.0	0.0	0.0	0.0	0.0	0.0																																					
gf388c3	HDR20211211005752	2021-12-11 00:57:52	1117.5	86.9	0.0	0.0	0.0	0.0	0.0	0.0	0.0	0.0	0.0	0.0	0.0	0.0	0.0	0.0	0.0	0.0	0.0	0.0	43.026467203682394	0.0	5.086306098964326	3.774453394706559	1.2543153049482163	0.8170310701956272	0.5753739930955121	0.23014959723820483	0.01150747986191024	0.0	0.0	0.0	0.0	0.0	0.0	0.0	0.0	0.0	0.0	0.0	0.0	0.0	0.0	0.0	0.0	0.0	0.0	0.0	0.0	0.0	0.0	0.0	0.0	0.0	0.0	0.0	0.0	0.0	0.0	0.0	0.0	0.0	0.0	0.0	0.0	0.009126456167993135	0.0	0.0033438741922016692	0.005925081617823497	0.0040529535117059005	0.004932118558709918	0.00680845737296312	0.005450896352596396	0.00043656755213682184	0.0	0.0	0.0	0.0	0.0	0.0	0.0	0.0	0.0	0.0	0.0	0.0	0.0	0.0	0.0	0.0	0.0	0.0																																					
gf388c3	HDR20211211005752	2021-12-11 00:57:52	1122.5	117.7	0.0	0.0	0.0	0.0	0.0	0.0	0.0	0.0	0.0	0.0	0.0	0.0	0.0	0.0	0.0	0.0	0.0	0.0	38.97196261682243	0.0	5.174171622769753	3.4579439252336446	1.0110450297366185	0.6711979609175871	0.4333050127442651	0.07646559048428207	0.025488530161427356	0.0	0.0	0.0	0.0	0.0	0.0	0.0	0.0	0.0	0.0	0.0	0.0	0.0	0.0	0.0	0.0	0.0	0.0	0.0	0.0	0.0	0.0	0.0	0.0	0.0	0.0	0.0	0.0	0.0	0.0	0.0	0.0	0.0	0.0	0.0	0.0	0.008266444626266146	0.0	0.0034016393466616167	0.005541171478783304	0.003353804765219651	0.003944650498439128	0.00530215287034188	0.0020106923233117187	0.0013581641478412451	0.0	0.0	0.0	0.0	0.0	0.0	0.0	0.0	0.0	0.0	0.0	0.0	0.0	0.0	0.0	0.0	0.0	0.0																																					
gf388c3	HDR20211211005752	2021-12-11 00:57:52	1127.5	104.5	0.0	0.0	0.0	0.0	0.0	0.0	0.0	0.0	0.0	0.0	0.0	0.0	0.0	0.0	0.0	0.0	0.0	0.0	47.12918660287081	0.0	5.7894736842105265	4.1913875598086126	1.3971291866028708	1.0909090909090908	0.5741626794258373	0.07655502392344497	0.009569377990430622	0.0	0.0	0.0	0.0	0.0	0.0	0.0	0.0	0.0	0.0	0.0	0.0	0.0	0.0	0.0	0.0	0.0	0.0	0.0	0.0	0.0	0.0	0.0	0.0	0.0	0.0	0.0	0.0	0.0	0.0	0.0	0.0	0.0	0.0	0.0	0.0	0.009996694679303302	0.0	0.003806155442159533	0.00676521217843385	0.004768632785489736	0.006633908108297565	0.0069084258915596865	0.001725069962148461	0.0004944059921924953	0.0	0.0	0.0	0.0	0.0	0.0	0.0	0.0	0.0	0.0	0.0	0.0	0.0	0.0	0.0	0.0	0.0	0.0																																					
gf388c3	HDR20211211005752	2021-12-11 00:57:52	1132.5	162.8	0.0	0.0	0.0	0.0	0.0	0.0	0.0	0.0	0.0	0.0	0.0	0.0	0.0	0.0	0.0	0.0	0.0	0.0	49.871007371007366	0.0	5.4361179361179355	3.6117936117936114	1.4373464373464373	0.8783783783783783	0.4299754299754299	0.11056511056511056	0.006142506142506142	0.0	0.006142506142506142	0.0	0.0	0.0	0.0	0.0	0.0	0.0	0.0	0.0	0.0	0.0	0.0	0.0	0.0	0.0	0.0	0.0	0.0	0.0	0.0	0.0	0.0	0.0	0.0	0.0	0.0	0.0	0.0	0.0	0.0	0.0	0.0	0.0	0.0	0.010578269432871493	0.0	0.003573849886079548	0.005755698125912084	0.004777360924150788	0.005322483351296627	0.005383071564559904	0.002822612151017931	0.00035384606262572194	0.0	0.0009019531763530216	0.0	0.0	0.0	0.0	0.0	0.0	0.0	0.0	0.0	0.0	0.0	0.0	0.0	0.0	0.0	0.0																																					
gf388c3	HDR20211211005752	2021-12-11 00:57:52	1137.5	104.5	0.0	0.0	0.0	0.0	0.0	0.0	0.0	0.0	0.0	0.0	0.0	0.0	0.0	0.0	0.0	0.0	0.0	0.0	47.50239234449761	0.0	5.244019138755981	3.84688995215311	1.2727272727272727	0.9952153110047847	0.507177033492823	0.03827751196172249	0.019138755980861243	0.0	0.009569377990430622	0.0	0.0	0.0	0.0	0.0	0.0	0.0	0.0	0.0	0.0	0.0	0.0	0.0	0.0	0.0	0.0	0.0	0.0	0.0	0.0	0.0	0.0	0.0	0.0	0.0	0.0	0.0	0.0	0.0	0.0	0.0	0.0	0.0	0.0	0.010075856322449053	0.0	0.0034475589790139236	0.0060632485667554735	0.0043162490599903585	0.006053219953557392	0.006044534857671703	0.0009332984305501207	0.0007267309026088687	0.0	0.0016195450528455348	0.0	0.0	0.0	0.0	0.0	0.0	0.0	0.0	0.0	0.0	0.0	0.0	0.0	0.0	0.0	0.0																																					
gf388c3	HDR20211211005752	2021-12-11 00:57:52	1142.5	128.7	0.0	0.0	0.0	0.0	0.0	0.0	0.0	0.0	0.0	0.0	0.0	0.0	0.0	0.0	0.0	0.0	0.0	0.0	50.28749028749029	0.0	5.60994560994561	3.6052836052836055	1.2354312354312356	0.8702408702408703	0.4273504273504274	0.07770007770007771	0.031080031080031083	0.007770007770007771	0.0	0.0	0.0	0.0	0.0	0.0	0.0	0.0	0.0	0.0	0.0	0.0	0.0	0.0	0.0	0.0	0.0	0.0	0.0	0.0	0.0	0.0	0.0	0.0	0.0	0.0	0.0	0.0	0.0	0.0	0.0	0.0	0.0	0.0	0.0	0.010666610710439223	0.0	0.0036881288659705073	0.005709004416861905	0.004191903182833313	0.0052363621486332295	0.004847203906708188	0.001918232899882078	0.001370048643159322	0.0007064008137994225	0.0	0.0	0.0	0.0	0.0	0.0	0.0	0.0	0.0	0.0	0.0	0.0	0.0	0.0	0.0	0.0	0.0																																					
gf388c3	HDR20211211005752	2021-12-11 00:57:52	1147.5	135.3	0.0	0.0	0.0	0.0	0.0	0.0	0.0	0.0	0.0	0.0	0.0	0.0	0.0	0.0	0.0	0.0	0.0	0.0	57.63488543976349	0.0	5.506282335550628	4.183296378418329	1.5003695491500368	0.9608277900960827	0.45084996304508496	0.15521064301552104	0.02956393200295639	0.0	0.0	0.0	0.0	0.0	0.0	0.0	0.0	0.0	0.0	0.0	0.0	0.0	0.0	0.0	0.0	0.0	0.0	0.0	0.0	0.0	0.0	0.0	0.0	0.0	0.0	0.0	0.0	0.0	0.0	0.0	0.0	0.0	0.0	0.0	0.0	0.012225085857578602	0.0	0.003619977846117596	0.006695801661627897	0.004941182969114421	0.005964256606207629	0.00536967975760222	0.0036713665256024467	0.0011993499580831434	0.0	0.0	0.0	0.0	0.0	0.0	0.0	0.0	0.0	0.0	0.0	0.0	0.0	0.0	0.0	0.0	0.0	0.0																																					
gf388c3	HDR20211211005752	2021-12-11 00:57:52	1152.5	134.2	0.0	0.0	0.0	0.0	0.0	0.0	0.0	0.0	0.0	0.0	0.0	0.0	0.0	0.0	0.0	0.0	0.0	0.0	58.67362146050671	0.0	5.365126676602087	3.8375558867362147	1.2891207153502238	1.0506706408345754	0.5961251862891208	0.08941877794336811	0.044709388971684055	0.00745156482861401	0.0	0.0	0.0	0.0	0.0	0.0	0.0	0.0	0.0	0.0	0.0	0.0	0.0	0.0	0.0	0.0	0.0	0.0	0.0	0.0	0.0	0.0	0.0	0.0	0.0	0.0	0.0	0.0	0.0	0.0	0.0	0.0	0.0	0.0	0.0	0.012445414863874927	0.0	0.003527178326022383	0.0060730336548135535	0.004273045934314441	0.006504682487156963	0.006926728031591876	0.002016700624502203	0.0019426022720802438	0.0005729532423863717	0.0	0.0	0.0	0.0	0.0	0.0	0.0	0.0	0.0	0.0	0.0	0.0	0.0	0.0	0.0	0.0	0.0																																					
gf388c3	HDR20211211005752	2021-12-11 00:57:52	1157.5	132.0	0.0	0.0	0.0	0.0	0.0	0.0	0.0	0.0	0.0	0.0	0.0	0.0	0.0	0.0	0.0	0.0	0.0	0.0	54.21212121212121	0.0	5.386363636363637	3.659090909090909	1.1666666666666667	1.0454545454545454	0.6136363636363636	0.08333333333333333	0.045454545454545456	0.0	0.0	0.0	0.0	0.0	0.0	0.0	0.0	0.0	0.0	0.0	0.0	0.0	0.0	0.0	0.0	0.0	0.0	0.0	0.0	0.0	0.0	0.0	0.0	0.0	0.0	0.0	0.0	0.0	0.0	0.0	0.0	0.0	0.0	0.0	0.0	0.011499074410971186	0.0	0.0035411400735628875	0.005882712101043966	0.003883615636318334	0.006407836639787372	0.007406637572961426	0.0019700655990751055	0.0020870861608800954	0.0	0.0	0.0	0.0	0.0	0.0	0.0	0.0	0.0	0.0	0.0	0.0	0.0	0.0	0.0	0.0	0.0	0.0																																					
gf388c3	HDR20211211005752	2021-12-11 00:57:52	1162.5	127.6	0.0	0.0	0.0	0.0	0.0	0.0	0.0	0.0	0.0	0.0	0.0	0.0	0.0	0.0	0.0	0.0	0.0	0.0	58.64420062695925	0.0	5.188087774294671	3.722570532915361	1.4498432601880877	0.8699059561128527	0.4702194357366771	0.14890282131661442	0.047021943573667714	0.0	0.0	0.0	0.0	0.0	0.0	0.0	0.0	0.0	0.0	0.0	0.0	0.0	0.0	0.0	0.0	0.0	0.0	0.0	0.0	0.0	0.0	0.0	0.0	0.0	0.0	0.0	0.0	0.0	0.0	0.0	0.0	0.0	0.0	0.0	0.0	0.012439174334144106	0.0	0.0034107881983102455	0.005957812244165317	0.004921221414516475	0.005219922263679745	0.0057681325359725	0.0037225900808310684	0.002120787073124179	0.0	0.0	0.0	0.0	0.0	0.0	0.0	0.0	0.0	0.0	0.0	0.0	0.0	0.0	0.0	0.0	0.0	0.0																																					
gf388c3	HDR20211211005752	2021-12-11 00:57:52	1167.5	156.2	0.0	0.0	0.0	0.0	0.0	0.0	0.0	0.0	0.0	0.0	0.0	0.0	0.0	0.0	0.0	0.0	0.0	0.0	59.61587708066582	0.0	5.147247119078106	3.5531370038412295	1.2099871959026889	0.8898847631241998	0.4865556978233035	0.06402048655569782	0.03201024327784891	0.0	0.0	0.0	0.006402048655569783	0.0	0.0	0.0	0.0	0.0	0.0	0.0	0.0	0.0	0.0	0.0	0.0	0.0	0.0	0.0	0.0	0.0	0.0	0.0	0.0	0.0	0.0	0.0	0.0	0.0	0.0	0.0	0.0	0.0	0.0	0.0	0.0	0.012645279160790553	0.0	0.003383938455036027	0.005695490706318598	0.004062722349339504	0.0054304499515407485	0.005668643255173058	0.00163511305739496	0.0012500090728251722	0.0	0.0	0.0	0.004573387850903535	0.0	0.0	0.0	0.0	0.0	0.0	0.0	0.0	0.0	0.0	0.0	0.0	0.0	0.0																																					
gf388c3	HDR20211211005752	2021-12-11 00:57:52	1172.5	140.8	0.0	0.0	0.0	0.0	0.0	0.0	0.0	0.0	0.0	0.0	0.0	0.0	0.0	0.0	0.0	0.0	0.0	0.0	56.84659090909091	0.0	5.426136363636363	3.6008522727272725	1.3636363636363635	0.9019886363636362	0.44744318181818177	0.056818181818181816	0.02130681818181818	0.007102272727272727	0.0	0.0	0.0	0.0	0.0	0.0	0.0	0.0	0.0	0.0	0.0	0.0	0.0	0.0	0.0	0.0	0.0	0.0	0.0	0.0	0.0	0.0	0.0	0.0	0.0	0.0	0.0	0.0	0.0	0.0	0.0	0.0	0.0	0.0	0.0	0.012057878648871579	0.0	0.003567287732333922	0.0057322311609131725	0.004591227530620783	0.005600330885943611	0.005209228539363408	0.00147954944291281	0.0011048779088071096	0.0005222152017968608	0.0	0.0	0.0	0.0	0.0	0.0	0.0	0.0	0.0	0.0	0.0	0.0	0.0	0.0	0.0	0.0	0.0																																					
gf388c3	HDR20211211005752	2021-12-11 00:57:52	1177.5	104.5	0.0	0.0	0.0	0.0	0.0	0.0	0.0	0.0	0.0	0.0	0.0	0.0	0.0	0.0	0.0	0.0	0.0	0.0	57.83732057416268	0.0	4.889952153110048	3.8947368421052633	1.4258373205741626	0.9952153110047847	0.49760765550239233	0.10526315789473684	0.028708133971291867	0.0	0.0	0.0	0.0	0.0	0.0	0.0	0.0	0.0	0.0	0.0	0.0	0.0	0.0	0.0	0.0	0.0	0.0	0.0	0.0	0.0	0.0	0.0	0.0	0.0	0.0	0.0	0.0	0.0	0.0	0.0	0.0	0.0	0.0	0.0	0.0	0.012268024901869878	0.0	0.003214785836270283	0.006182661353525451	0.004862554732111785	0.006033588908351113	0.006101485767851805	0.002516493914038099	0.001392040380912268	0.0	0.0	0.0	0.0	0.0	0.0	0.0	0.0	0.0	0.0	0.0	0.0	0.0	0.0	0.0	0.0	0.0	0.0																																					
gf388c3	HDR20211211005752	2021-12-11 00:57:52	1182.5	124.3	0.0	0.0	0.0	0.0	0.0	0.0	0.0	0.0	0.0	0.0	0.0	0.0	0.0	0.0	0.0	0.0	0.0	0.0	67.61061946902655	0.0	5.245374094931617	3.8857602574416736	1.3113435237329043	0.8930008045052293	0.48270313757039424	0.13676588897827835	0.016090104585679808	0.0	0.0	0.008045052292839904	0.0	0.0	0.0	0.0	0.0	0.0	0.0	0.0	0.0	0.0	0.0	0.0	0.0	0.0	0.0	0.0	0.0	0.0	0.0	0.0	0.0	0.0	0.0	0.0	0.0	0.0	0.0	0.0	0.0	0.0	0.0	0.0	0.0	0.01434106481840379	0.0	0.003448449763583141	0.006142711043184713	0.004401960571733398	0.005543321842167878	0.005744202181658613	0.0032796144919320963	0.0006524743520985267	0.0	0.0	0.002496840356699961	0.0	0.0	0.0	0.0	0.0	0.0	0.0	0.0	0.0	0.0	0.0	0.0	0.0	0.0	0.0																																					
gf388c3	HDR20211211005752	2021-12-11 00:57:52	1187.5	100.1	0.0	0.0	0.0	0.0	0.0	0.0	0.0	0.0	0.0	0.0	0.0	0.0	0.0	0.0	0.0	0.0	0.0	0.0	53.926073926073926	0.0	5.014985014985015	3.116883116883117	1.2587412587412588	0.8091908091908092	0.4595404595404596	0.13986013986013987	0.00999000999000999	0.0	0.00999000999000999	0.0	0.0	0.0	0.0	0.0	0.0	0.0	0.0	0.0	0.0	0.0	0.0	0.0	0.0	0.0	0.0	0.0	0.0	0.0	0.0	0.0	0.0	0.0	0.0	0.0	0.0	0.0	0.0	0.0	0.0	0.0	0.0	0.0	0.0	0.01143840017514035	0.0	0.0032969857966867336	0.005031613219351573	0.004209499024732707	0.004804514841027927	0.005709538560780308	0.003249277864519014	0.00048740986320470526	0.0	0.001975277464324771	0.0	0.0	0.0	0.0	0.0	0.0	0.0	0.0	0.0	0.0	0.0	0.0	0.0	0.0	0.0	0.0																																					
gf388c3	HDR20211211005752	2021-12-11 00:57:52	1192.5	138.6	0.0	0.0	0.0	0.0	0.0	0.0	0.0	0.0	0.0	0.0	0.0	0.0	0.0	0.0	0.0	0.0	0.0	0.0	49.76911976911977	0.0	4.870129870129871	3.4776334776334776	1.5512265512265513	0.9595959595959597	0.5122655122655123	0.10101010101010101	0.0	0.03607503607503608	0.0	0.0	0.0	0.0	0.0	0.0	0.0	0.0	0.0	0.0	0.0	0.0	0.0	0.0	0.0	0.0	0.0	0.0	0.0	0.0	0.0	0.0	0.0	0.0	0.0	0.0	0.0	0.0	0.0	0.0	0.0	0.0	0.0	0.0	0.0	0.010556657787920792	0.0	0.0032017541352286506	0.005609915142638582	0.005165457987730767	0.005752262641740946	0.006217694234090473	0.0024439952201577774	0.0	0.003479709610006815	0.0	0.0	0.0	0.0	0.0	0.0	0.0	0.0	0.0	0.0	0.0	0.0	0.0	0.0	0.0	0.0	0.0																																					
gf388c3	HDR20211211005752	2021-12-11 00:57:52	1197.5	157.3	0.0	0.0	0.0	0.0	0.0	0.0	0.0	0.0	0.0	0.0	0.0	0.0	0.0	0.0	0.0	0.0	0.0	0.0	46.93579148124602	0.0	4.717101080737444	3.4011443102352192	1.3413858868404323	0.8645899554990464	0.5785123966942148	0.10171646535282898	0.03814367450731087	0.0	0.0	0.0	0.0	0.0	0.0	0.0	0.0	0.0	0.0	0.0	0.0	0.0	0.0	0.0	0.0	0.0	0.0	0.0	0.0	0.0	0.0	0.0	0.0	0.0	0.0	0.0	0.0	0.0	0.0	0.0	0.0	0.0	0.0	0.0	0.0	0.0099556731356972	0.0	0.0031011489003967573	0.005474242238334159	0.004450957851070459	0.0053525865292305	0.0067074757241873785	0.0024963708725285303	0.0018006474545297414	0.0	0.0	0.0	0.0	0.0	0.0	0.0	0.0	0.0	0.0	0.0	0.0	0.0	0.0	0.0	0.0	0.0	0.0																																					
gf388c3	HDR20211211005752	2021-12-11 00:57:52	1202.5	157.3	0.0	0.0	0.0	0.0	0.0	0.0	0.0	0.0	0.0	0.0	0.0	0.0	0.0	0.0	0.0	0.0	0.0	0.0	41.72282263191354	0.0	4.513668150031786	3.1468531468531467	1.214240305149396	0.87730451366815	0.6484424666242847	0.10171646535282898	0.03178639542275906	0.0	0.0	0.0	0.0	0.0	0.0	0.0	0.0	0.0	0.0	0.0	0.0	0.0	0.0	0.0	0.0	0.0	0.0	0.0	0.0	0.0	0.0	0.0	0.0	0.0	0.0	0.0	0.0	0.0	0.0	0.0	0.0	0.0	0.0	0.0	0.0	0.00884993671807947	0.0	0.0029674066297597002	0.004975501684571591	0.004090985476739776	0.005413277170501517	0.007746104834516072	0.002454218330960989	0.0017059598973175336	0.0	0.0	0.0	0.0	0.0	0.0	0.0	0.0	0.0	0.0	0.0	0.0	0.0	0.0	0.0	0.0	0.0	0.0																																					
gf388c3	HDR20211211005752	2021-12-11 00:57:52	1207.5	154.0	0.0	0.0	0.0	0.0	0.0	0.0	0.0	0.0	0.0	0.0	0.0	0.0	0.0	0.0	0.0	0.0	0.0	0.0	34.701298701298704	0.0	4.3311688311688314	3.3376623376623376	1.2272727272727273	0.8896103896103896	0.4090909090909091	0.08441558441558442	0.032467532467532464	0.0	0.0	0.0	0.0	0.0	0.0	0.0	0.0	0.0	0.0	0.0	0.0	0.0	0.0	0.0	0.0	0.0	0.0	0.0	0.0	0.0	0.0	0.0	0.0	0.0	0.0	0.0	0.0	0.0	0.0	0.0	0.0	0.0	0.0	0.0	0.0	0.007360582965610879	0.0	0.0028474266775966803	0.005368220507950045	0.004160360498276271	0.005506972002711803	0.0047113268108215514	0.001940859032155081	0.0015057555408819312	0.0	0.0	0.0	0.0	0.0	0.0	0.0	0.0	0.0	0.0	0.0	0.0	0.0	0.0	0.0	0.0	0.0	0.0																																					
gf388c3	HDR20211211005752	2021-12-11 00:57:52	1212.5	113.3	0.0	0.0	0.0	0.0	0.0	0.0	0.0	0.0	0.0	0.0	0.0	0.0	0.0	0.0	0.0	0.0	0.0	0.0	39.51456310679612	0.0	4.677846425419241	3.362753751103266	1.2180052956751986	0.7678729037952339	0.5648720211827009	0.14121800529567521	0.0264783759929391	0.017652250661959402	0.0	0.0	0.0	0.0	0.0	0.0	0.0	0.0	0.0	0.0	0.0	0.0	0.0	0.0	0.0	0.0	0.0	0.0	0.0	0.0	0.0	0.0	0.0	0.0	0.0	0.0	0.0	0.0	0.0	0.0	0.0	0.0	0.0	0.0	0.0	0.008381537031251064	0.0	0.003075341836038393	0.00539658139963867	0.004146316458211235	0.004670130194482124	0.006835879495299637	0.003402632868139662	0.001285111067639318	0.0015459191767990994	0.0	0.0	0.0	0.0	0.0	0.0	0.0	0.0	0.0	0.0	0.0	0.0	0.0	0.0	0.0	0.0	0.0																																					
